8333079
3333023
7961091
9123926
2528203
8423041
9946925
2820558
9893761
8649291
6330675
485211
2940327
9771203
2383410
5429725
3092297
3174330
142127
4919740
6507443
1562038
5058918
7825176
2898298
9212427
1777834
9943778
1024329
8068386
4900246
9846871
7019984
9703502
9784571
6243974
3473049
6572679
4898471
3319271
6046285
3915941
8174401
1207494
4122523
4195175
1845097
885894
2467726
5614225
3975169
3720789
5665952
5019684
9702056
1627798
5553592
6194607
6703961
6926747
3831216
6296637
8054828
7611139
415260
3287625
8110327
4729239
7569425
4164586
7826297
3087148
5770541
5689167
6183924
55665
577940
3077041
220877
5933978
7877427
7151606
2884074
1088815
5906021
6862944
7979412
6457281
4477824
6928340
8916325
3238954
4033526
9241936
5357884
2771599
364237
3057880
7104498
4109052
8432066
6153989
1632296
463110
3428685
6092106
993360
4434115
4249703
719517
9894151
4461418
9236532
9774311
9235040
8903569
3780129
396450
5370953
5598253
4602253
8262152
2986299
7314113
4994497
8133725
3369588
779017
846307
3631690
7084602
7944906
701483
8484149
3050816
9018401
4033701
6797033
5109333
706618
9081408
9964
8401193
740790
56382
8265909
6923055
1989178
2130575
8102042
4436684
643512
1628082
9748847
310554
1163733
2104014
7600146
5504064
4369226
8290665
7986780
5405270
9591349
8604675
8175375
6855635
4533250
9935563
8066647
8165329
1135394
5461626
476711
3722011
6553295
8494155
955375
2983073
5288112
1973469
3451947
5358552
8986047
4801248
4752258
5895718
563663
1119102
4940580
7588356
3890263
1273933
5007760
1197812
7824619
469542
9315962
5655064
5690120
3647241
9548014
7487023
7811087
2481572
6030656
5468121
5476580
4668752
4167864
1137910
3774204
2252176
9409436
1780491
1647971
6308395
4335087
3160869
4840143
1978843
8725442
9736625
4148717
4805521
6599675
2559459
8785478
7751960
3342433
3443
8632645
3019459
6932330
9513377
8201623
8335291
6997731
2291396
2258862
8669217
9906569
8734217
777211
4409087
6502518
4373713
9448595
9907403
7515391
9098005
8193213
3241267
8958503
8704310
2059698
419530
8877108
6925193
5856784
3520464
7313553
7525048
1340932
896964
4669301
163725
1712977
5623571
3072151
6599664
9756242
4532764
6912832
6697940
807864
2304787
9683035
1874449
8182610
3751356
5844675
1462542
1172713
5357184
1807389
336643
9199781
1404057
2063161
808331
5845029
9189790
7855948
4667214
8113603
7971073
5771446
9988657
7220359
8920234
2183409
8784842
8232483
9864912
9440844
2050672
7057435
3856225
7680026
9790361
508827
183451
9749861
317795
5799054
2407792
6159702
5391177
8636049
747820
3425703
6797060
7103815
2054948
9487486
9952995
867426
7786330
8677626
9493049
2475870
504139
3536562
4848602
5251393
5200433
1281886
8737008
2048898
4298301
1460145
2111239
5799301
8818383
2705852
2391146
5653700
2232411
1114639
341221
9640859
5410695
4854956
8655153
9532265
1136269
3743715
6182181
2866822
9100355
6025645
3403170
4540928
6181948
8996122
3093139
2594551
3492955
4124689
2858250
9749754
9483707
3442979
4921242
5080097
5909857
49847
3224300
2216094
5746982
8595921
4220920
5357332
9666743
3825804
1695239
6274845
6618895
3141001
539051
6876851
8433815
7326325
1753534
248941
3735803
8785328
4576298
3720871
6631513
9900755
3483877
4499835
1630979
3002525
9936402
3331723
4646900
3239200
9086252
4800300
8824054
978892
7315004
4527957
3277357
9565755
6000497
6687556
5731251
7764428
6555804
904375
9931267
5657452
4696507
3163262
594237
6199680
2689058
9312476
4608988
8348075
8190938
9154285
2420233
4899117
7806711
6062869
2436305
6528319
4229749
9740786
9192408
7864331
482764
2781969
5960812
3591225
6950133
2872718
7283807
4471133
5751128
7320414
1176224
9252831
7994345
7990473
9888928
1537104
4013811
3734258
9366803
5757800
6158967
6529320
6973017
3610917
9093512
3344591
5367008
3815146
6047906
889277
5061414
1547500
2453147
787303
2392381
104907
8256590
8277272
9756308
7566027
2818316
5671794
8023658
1252083
6163035
7325232
3119257
544949
1389456
6388781
7544012
7854896
736631
5794221
5456018
3961014
1651348
9756768
6224351
932500
6920597
3895603
1613721
6220511
9360312
1122251
1193077
9783131
9947779
4746395
9708170
4198606
9190172
2338069
8194672
4907872
2911560
2235042
9263920
8052220
1619961
6676784
3223458
1981370
7233752
7371952
8330663
1824499
9484730
7067448
7510150
8596563
3927747
3972777
9737586
122438
1162783
625078
8987253
6175290
6108833
4931391
5940731
6081016
7740874
7558871
6907826
7074547
8427497
454232
7533702
5808414
8454565
2073107
2967099
3629588
8844506
2448265
216792
5731160
5893656
3751596
8444654
7047621
1904286
5827540
7926814
1451129
4795120
19829
5733331
1829246
3989538
2322708
8028385
651771
1538252
9488510
4724487
7490967
2750576
5205932
1352821
9858355
4878428
2220540
6683325
5422169
9386242
7093256
4455251
18019
9737568
4960619
4342154
657114
2449323
1189637
6406207
8301619
8140599
5435931
6654743
67287
1753104
8251011
5347131
1918642
5499132
2022709
5689386
297432
2308614
8601562
9582424
3341628
465907
3493532
4727752
6305654
9264969
8258475
5717481
4849325
5136268
898131
5912472
5050158
1886483
7177979
8792759
2269071
631103
3163475
856755
8111319
6834206
1392755
7983513
2247616
9450141
224860
6800429
7515694
6037390
668108
7682880
8818581
7887537
3214645
8589749
2450825
9059895
2645499
7981744
2819072
4860395
9571913
701010
2099973
6034199
5508617
3651021
1538538
8299696
9214639
5915558
3811671
999521
2873796
3461679
9860780
7271594
4597560
4775220
7882316
9776980
739311
7833687
5218703
4741552
4283247
365648
8716865
2526756
2479414
6747531
9329579
8998148
3869136
175568
4849958
475716
5278880
6073548
8413223
8144381
5767990
4472816
2304606
8576099
7140801
2583512
8463634
346367
421731
1752352
6391127
3098372
4763598
9435925
3713445
7870632
4102202
157150
587723
5453176
3557880
5847734
7048686
3248127
9284750
6216379
3522609
1849511
4556360
5708743
8902231
9781681
3869364
4346328
1500652
7784846
2756757
3743442
2107325
2662369
2792417
9185621
6179146
5446362
1579728
8057856
8791827
5023326
5578085
5473732
1247098
3738048
6551808
848382
4239894
9333263
914211
9787707
718514
795678
4179803
124905
7246971
7252685
9036192
1863469
5331774
685688
6416556
1607740
2994812
4919618
2288784
6723932
1610243
7880741
7540229
3541993
430128
3515033
1120639
99489
6311421
4384535
5797641
642036
9358260
3226366
2239833
2646172
7812491
8981269
7480248
6290015
7338504
6307295
7203146
1889568
296521
2217796
2690108
1537989
8135417
5619228
9755079
5176307
1354922
9517388
8769525
3143110
128344
149927
3901585
8545449
5703752
3518402
6051709
5602373
7151607
4715615
1608400
2746148
2296503
2935159
2366615
8058925
7591977
7867596
7404118
1802102
5998574
7068562
5031292
9978347
136517
7925138
7131653
2887962
1025118
7881316
737776
7702813
4184719
4513404
8557275
9868785
2513334
2046103
101681
546885
2676533
640527
9876979
5221862
64133
8044478
3289382
9262622
4072435
5635830
118834
9582933
5445383
5804898
3332116
8638451
6098553
481591
5036870
259006
5353874
4701342
9813887
9619178
7266685
4427541
1952955
9892380
2087611
1304585
8707045
1341440
9678816
9591846
6618399
556059
2092057
3289668
189053
4849751
1446254
7123778
8102888
9916329
3242521
6706419
4307927
7905799
4331102
5057518
1907397
1958089
7489000
3154674
3311119
3658158
1061677
3120564
5324456
7348206
441206
2582072
4751521
7790452
4658131
4081786
6248872
4496523
7062949
3932611
1910532
8766926
8234757
8151746
6031388
983925
4508275
9594886
2426274
7136946
9054058
287378
9078258
7437800
4427379
5646787
8627986
1169182
8709457
4352038
6382409
2175206
1487771
7451619
7493815
5475256
8919869
3281726
4897048
5318375
1596761
4657677
2677774
8963796
1257427
9755789
3771064
4099604
1249133
731314
4332523
7400041
1373329
6136227
7818883
2086274
3302001
3868713
9412949
3628163
7896280
8061833
9195335
9120910
9318918
8702517
1075784
7633676
3884187
8430719
730421
3317155
5287254
6079755
9243532
3010261
8979984
7840572
1944873
8480558
2557594
2964042
8840783
1267523
8077073
1756620
6421706
