2148237
3022235
8440279
5530824
1520453
5194637
5363423
930439
2365778
5783539
6212120
1540511
327447
5623366
4424824
7793184
5986396
5603072
659894
5359087
4594159
6870734
1310404
8347278
6974528
5284956
7989122
4557095
21904
6362285
732087
6977249
6884193
5953620
8203422
2496436
1822487
8084631
9413147
9261571
1413705
799877
8908998
9224885
9939033
7999082
4124703
5413785
4795329
2129743
7305029
4503286
6285847
2965275
1252130
1565723
8865148
1926088
2461382
3716629
7841781
3618818
9476528
3532355
8472351
6143150
7299261
1789995
4704332
6963968
4047915
4899228
2830674
7864355
4614473
759351
3040219
2617502
8729816
5865590
3145615
6686008
6138042
9204601
5220678
5237289
5567415
7403034
5608518
8776626
667784
7018712
1812204
5078120
447887
8590987
6427858
2544551
3092938
4185336
7834999
8168013
9401422
5345594
3886457
9314726
3529903
8803166
4936691
5025377
7241592
5663591
5066709
2486806
7838834
6797034
965082
1764055
6869047
4668787
1297484
5251829
1892900
1140618
4313495
4456453
7716492
6543972
1200180
941176
4588957
7765498
4969303
8937128
298575
8694253
3106327
3969030
9370680
8968986
2890475
5225264
4206154
3009478
9965078
4300211
6997186
3354289
9656477
3291300
9490897
1109870
4531509
3882491
116895
2999074
2801267
793202
2849
3733235
7849190
5813074
9419761
4064095
9084816
7292012
5795255
8195717
4698972
1065117
122317
882910
6586359
4632498
4296877
1801483
7748905
4731987
9490452
9133862
2460755
3386451
281042
3320397
2321476
6422217
9424358
1347167
8216272
8255400
970221
8285129
9877536
3691297
9707099
1105298
1309047
5611116
2994498
1159983
4271812
6095317
2937264
556218
8504067
5645164
2946668
4797389
1331769
1831476
6664929
2913869
7026951
9467115
1446812
2496696
741363
2849535
9566683
6024246
7177708
3111808
8233441
967751
4574614
7024307
721829
4526504
6174074
4117613
9329883
1743829
1182995
9915204
4360881
8822694
4677317
3941154
8288940
2246925
6285320
8578973
5942520
4877383
4640321
3646698
1039137
2492242
6877089
3183680
6548049
3911730
8899358
5644578
1150422
5700977
6893798
2681800
4273465
602005
588585
7795976
267018
9656455
2763573
1135466
3398358
7241124
2736517
4600828
7177589
6325781
8877256
9419056
6430753
9842415
8671223
2791743
5869427
5071459
2160153
9872922
4612384
8457768
2843650
724007
5145346
9849372
4485927
2164232
5289288
8360261
5222804
4515292
6326250
5203600
9520347
500027
9961661
1562613
2927567
8996562
8234190
3785680
8107826
6431069
3671531
5760036
8944837
4200174
1880786
43644
6975369
2361328
3236089
1363597
6843177
1596042
1055498
9286899
970321
7155452
5029011
1794033
3320617
2621227
6594240
1158537
818748
1751491
9546675
3053887
8617794
3260235
4944473
5764176
300571
7551350
3994741
2767195
756658
526204
4660032
7223251
7034479
983409
5141723
6416404
2989229
6441436
3277784
1238862
1971263
4962331
5819271
7137493
3305792
6062937
7024420
2290819
358409
8802215
7473063
7267489
902110
3279688
9154352
7935885
8752084
1798942
9236817
9207089
4403134
6194494
3828812
6376480
5577799
7593755
5634675
9846072
633101
7483870
9599221
8020413
3697680
9159136
761073
4865254
3759715
3015748
1603582
3188234
5042229
1652938
1662104
3259041
1003584
5113869
6257961
3450398
4945006
3888911
5380610
4224338
314231
2256531
7294480
8022903
6947126
2949244
9044671
5966149
1969531
271171
263821
2660783
8088505
2394903
8236936
7722092
2046977
27985
6725620
8888529
6701173
1789806
7639159
7799183
5162005
1116268
639627
6839388
7597479
9735276
2434407
8147699
2540509
6213366
4301924
7111672
1653110
9463167
8249847
8567228
4346463
4818780
4282848
9129244
6572681
7782980
8258239
1894691
5130037
6416563
5760818
8745958
7945475
2901627
7362235
5135543
1599820
3223888
5024906
6147828
6170104
3030853
9732285
8072740
7635852
3022139
4390930
420803
6279793
8206157
7551239
1996044
6201321
7123525
3137828
5915668
6098837
3539819
9261918
2059415
6495938
9789820
655655
4274225
715245
9888110
7018529
1941161
3966173
2194518
7466577
7149861
1607967
7480132
6496090
5781104
5089000
618192
9393346
6979694
2146385
4136538
1383671
9868469
7126888
5576570
1663763
8725371
8889703
5844181
9708141
4331702
2302765
638312
3581205
8026931
5000573
1708904
2419751
8058932
3390882
43498
1846336
3801498
4064320
9457998
2996218
8265811
7645466
1617293
9977105
8622466
7850369
2154217
2272946
6818131
787518
9190237
3652496
2736479
8395565
2562427
7757955
8454788
2873955
5848062
8659750
4517615
1072864
5050019
8818111
7098537
1065236
3375435
7448507
7186908
3622289
695158
9285771
2654836
9573452
3135887
29159
3009464
6143663
3199772
2033241
4182198
716013
8347269
5539319
627071
2132682
2005586
3926301
9391263
5416799
9929649
5470661
4874110
7524729
5264601
9628339
6626203
1098322
9807313
1799851
187794
726563
4656980
1764864
5231848
4617537
48236
5186532
9098117
2004976
4217937
2684680
6835917
1812759
4330407
9477360
2066135
9528251
8398729
9977119
8377360
4810812
6358854
892164
866765
8958039
2575724
6902610
9252465
584621
4015321
126535
7751870
1570247
5078691
1380857
5152467
1529613
6071251
9073700
7763293
2817890
3409212
6000473
6848755
7670349
3949835
1216638
3001521
1514650
6515202
1432719
710304
7569890
8249943
2613972
61094
6400988
3728004
992546
3999735
9113296
9089981
8675316
7604304
1205007
1140843
9740829
7158696
5532041
6728690
8158103
4733580
6599972
3752373
7818907
6669465
9508231
6020819
732597
8437442
5167632
2585977
981419
7811013
6387352
5737380
1114858
1949833
7190792
1035007
3170439
454832
5007961
2393150
5342218
9866514
8248536
8842032
3114418
7889218
186550
3297114
7736515
959035
1368131
4530490
8668898
3063762
8254515
4299545
1572309
2229291
617553
9193766
4621238
8083552
9744460
7326210
5192449
2834418
75537
7775820
7142956
4535054
7366262
8753057
4190720
9287735
6055273
7307658
6096471
2622404
6585201
5267466
9665367
9540046
733448
3588677
4171809
1077966
912814
1201805
6561982
6480068
6525976
9380425
5490636
7194739
6891149
1538370
2096476
9246853
2875680
4200824
613147
555056
2705870
4712373
9909043
5748399
7889997
98908
7745819
8464672
2144350
5894680
8627710
5669519
5151367
7781104
9089617
5005136
5889571
5046146
8842006
5903538
8496269
9261206
5257219
1150057
37071
8605566
8379224
3663171
9528970
9650414
8747281
4983394
6125142
6945317
9802655
3221985
7267092
8513641
2866663
503708
2841540
8085603
3244534
7190787
4373838
8779273
4161003
1036248
433872
4673379
3380555
1107866
3458815
1330094
9953111
3215815
1416098
9325126
8650008
6613889
8568414
4076079
5666271
5794504
2961070
6165543
7234204
1042261
335704
4235301
9336692
2578199
743806
9138083
3067243
1125348
3894378
6680256
560175
4955505
4194039
5566292
8072850
3134063
2965751
2925019
748580
97444
386408
6341043
957624
4911923
5105089
8731962
6677099
4807230
1353236
6417843
2644276
6741714
1683354
865997
8631263
9939582
4029636
6458498
7723789
2206272
3510707
6430382
9736934
1007291
1616102
2477085
773583
5671807
2743814
4622945
4447072
4132264
8116643
3163435
5663133
9298301
1198797
521072
5069338
2483603
6705932
3581520
7825763
5758015
6928589
3404329
7362552
4996720
5370133
9354203
3830201
7007949
3862366
3509089
6316018
6286805
4398151
9603783
1944036
7260577
5910112
8253311
724525
6519417
5339233
9953748
9873308
3772796
3325087
1106595
9370144
4571264
6697041
9389561
5254537
3365634
3306901
6987848
3762933
3472845
3386822
489960
3360342
3893693
1318726
510295
6573679
349881
7425106
3286557
7240925
1614497
7462711
1098484
9030428
7271311
1690427
2308048
7510927
3418722
8642792
3790449
385817
1012067
1678838
4659684
6844911
6600778
2613727
4610917
7307910
8923011
9326791
3661052
2487204
7299120
4385881
1107027
827283
7793451
3170062
2255860
5103283
4947722
9785043
5540597
7845239
1812282
675140
1833751
1899866
6714392
9491934
3713738
1977359
1986704
8819704
291071
3088042
8585349
8179542
58809
8919607
7661787
5324322
6477711
5503730
4068223
1482227
7838235
9288457
8273772
1617406
5677285
1547249
8884380
2430797
4011482
6167786
2979851
1555128
3575383
5610081
1318685
4800930
8866038
5182693
652670
3186061
6923655
7971324
4695279
9294019
8861687
6591331
864463
6217797
2892265
3218524
7123802
2573634
8617582
6719766
6769099
7592601
5498475
2590153
3103338
1383276
5886028
1314771
2977771
2467322
6903012
426676
1998461
907594
3164017
8775856
1129334
473177
848201
5339901
4124713
2808720
1356511
3060946
3969003
7387260
1647286
2971012
1827664
3643430
8049943
8197494
9780021
6224679
3946250
3977250
6185188
8098064
1570517
2339931
5732216
9461791
3840838
6835821
2243
9590465
6515624
9442355
2142960
1117478
11354
3878228
2411339
8165174
3887681
3841662
200655
2889436
3339646
5038132
9779556
2263780
8047695
4762114
3741323
9776162
1425702
5505618
4887119
8951518
3108415
2971056
6368896
7848075
3380911
6019480
3476874
2630415
1786473
2093527
721655
5912034
60990
2536464
8459072
8817804
2343426
7475088
9216034
9044306
1926534
4679629
7522540
6561205
2591167
327579
1837213
787168
9415245
2979159
8920016
1509546
4823967
140130
5525166
5543148
8977898
5042434
7962438
1815585
1428573
1117601
793860
6118590
1689400
1382266
2830985
3443285
2663738
5675515
3157508
5191806
5713596
4158708
8586374
6747306
7477368
2477556
925777
8703220
4489509
2893798
6760666
1459321
4744793
8582503
4264155
9485036
351189
3358010
9118422
1050643
2214329
6669108
1235019
6376582
9676235
1619005
1375348
9842538
8443015
6869915
9937329
6816298
7840239
3808996
394707
4880258
8609031
7973032
1308794
7128609
5771623
965658
9695189
7388632
8029655
8784646
1786596
9632435
4814658
3646520
7744027
1263894
6780401
1082960
320758
3819231
2159825
435514
7781387
264872
1610154
1936351
1776084
8444617
2899436
1977880
2718946
9256662
4913434
6985939
7903471
8355728
4878702
9469891
4337266
9492191
99889
9031571
287040
3929895
1781667
4215958
4697364
3919257
4840722
1135076
1686025
2136733
9562592
1296232
2584980
9852526
3589348
6970393
5482976
8065241
9076231
9839397
8021206
9253677
9310955
5293472
5583646
4161259
1458572
7872679
6053702
4785254
1308976
3336575
8047444
283702
2415821
792261
7663203
603506
6590123
2310829
3043225
7390368
5630792
2593822
4713395
2809173
2293368
7228099
8260148
8815079
6617502
1230150
3482107
4819348
7359380
1537714
7285000
8319449
9033293
3658849
4362725
3218333
661037
9052596
6673171
1184133
8455255
8521687
5813162
4239854
1594228
5141565
5442375
2068497
9453814
557010
9009873
5042833
3218676
1925117
8329727
483255
4877951
779199
5830860
3575645
3280047
5189125
6580819
2155799
193590
4411288
9457190
2930483
3420238
7675631
6433842
7669919
8677938
2155180
2922799
3149776
4796913
6115726
6663388
1464659
5041843
371964
9911185
8698018
5749724
5189778
1856947
8028928
8875117
3197575
6775763
3651432
8335406
6751272
8075561
9832465
1629502
3138385
3823509
6898864
3437833
1535755
2092350
6771794
9950213
8823772
9940644
3294534
7490228
6922628
4355287
6550337
5781332
6772468
8190983
913295
5412225
672079
1561253
4121131
4016187
1570028
888622
6101239
379194
4209987
1263113
7039148
2212170
7355468
256214
4680716
7617087
5499345
9663398
7701237
6494245
7449320
135938
824798
7621481
6751391
6492220
2090318
8947702
4871720
2116522
9088571
9898201
3071707
123073
2526566
5556873
7671168
4750422
443205
1286879
4506702
5760369
1263887
6233736
7820864
1859355
7024714
3568079
1494169
7518302
3839760
1897998
1658249
6562882
9973485
6308029
672535
4327390
3018515
3045531
2011954
7755081
4343603
6980069
4914957
4208658
3970103
9143718
7322297
2188390
5467047
8322165
8131224
643131
281339
1920739
3576896
9841578
4792571
1826832
5351844
8898122
7887403
8267498
2349857
4036795
7775067
9121900
8214018
9975599
991308
8922211
1383418
2262038
4435761
5886037
5587913
5523178
7842447
8356161
1973000
5705274
6176821
2865499
7043845
3170676
6880963
9233921
8427994
4156149
5894064
3993815
8662427
4162906
609716
7065878
3229206
2838715
4957846
4492690
5540725
6742158
281743
90572
2576620
6148579
3649967
7193138
2861930
3168104
4594848
6538681
901590
6876612
4976767
4067811
8038916
2572999
4153661
1087115
4610675
7485846
3451162
5738920
8777583
8753717
8644451
4611974
5187179
9340034
3069987
3815813
2016172
6582841
4212875
6689215
8173910
8968015
463330
4803352
8699112
7991347
3414718
2791739
1538502
4279654
588231
6645299
9925342
3834920
2095723
2121231
9407683
2959798
4736918
3133687
6099939
2596475
258558
6742162
8122235
3251856
3953623
3305544
3196268
2742356
2857332
2244157
2500400
1123722
7162832
5264461
5636681
4606339
4949600
6334521
2200199
1220628
9952841
952367
581705
7912113
3729191
7512573
6859900
1694037
8352199
9474325
5248671
502724
8416958
3027553
4185867
909878
5366340
7140504
9097058
9120277
4696340
7450999
4648934
9474373
6366758
8263575
5568602
3054382
4916914
4400546
952594
3743339
5232318
5407947
3125189
7646348
2458457
9027557
2335518
9538553
7719031
9780323
909504
6612635
628852
2767175
4899686
8838304
7334333
5602417
5547789
9280004
2920743
6650513
3240230
7372847
5486035
6432128
4206917
335238
9978819
1192814
6649033
6337121
7394839
5415866
3350291
9456577
5100207
1295417
3515268
3823358
521136
3980784
2283425
496414
116501
1804020
8936669
1777296
397667
1625152
2153593
3428822
7503757
4116404
7368198
8327606
4228644
7826833
5582278
7147253
1957688
3952240
9959940
5364036
1852159
6580833
9331471
6939698
1677209
3831656
4964805
3256122
1175601
5399286
8577137
8719532
9631502
8302673
8046241
2671137
679880
9167482
6943879
3510400
857117
8355439
278953
9230090
2150997
8834218
2020058
806851
6869176
9566385
1226201
8824289
144448
52727
7907142
2023195
5356166
8897683
1682104
2732117
3840539
5048128
9212309
7547289
7043123
4770823
3875362
286047
3934167
4298493
8782361
855766
1309400
8535326
4677836
6739355
1097231
3520047
9455413
4986917
7765416
3160805
8016973
5148647
5025397
2375046
1672109
8874980
7784783
8846180
8525766
7772308
7639327
7449233
7822538
1491440
2305539
8668259
5789272
1093413
9562132
3934501
9950701
7535024
4965217
1029912
974611
1021353
7889609
5550051
8439361
9405853
3088205
3638785
2755498
6969233
3131275
9575068
5404522
1974754
5967411
752838
1896188
6998413
1062166
2409251
4704471
6566224
9206599
6913410
7227658
8597677
4901490
524893
3297452
5898697
278721
5121273
5059831
6400330
648108
3676763
2315499
2287651
8335037
2527479
9172807
3851761
9863507
5391818
4603875
8959280
1160736
1390101
6528698
1127976
790738
5730195
9525146
7714553
2975199
623897
8634561
6149681
7090350
2221408
3903152
2553381
7142385
2289841
2869490
7758549
3895184
167627
8484218
3749404
7844145
2051557
3877303
7575490
6306032
9488185
4180145
5462778
8990081
2716008
426299
618784
9173887
4384164
8984398
7856861
1732749
9272815
5708578
7231557
5137073
4202103
8805450
9292293
8361865
8204014
3626172
5899904
6096261
1010671
6978275
4257333
9501588
1206387
3025751
4677027
8680398
2743566
691123
3264334
5761675
6068651
8937729
664129
7885188
2255149
5737380
816805
7926064
284189
9130186
7912452
4093298
381959
5492661
4177891
8561635
8049682
4592442
9224154
7464818
7213651
6457045
4891721
5982422
9664196
8080581
3251054
8439419
4336576
5477348
9418579
6922246
7485646
8754490
9110475
4339055
7632776
9077351
7679602
2289653
4193868
5321616
5972798
8647798
4900061
2888104
7110294
1231207
7701901
1493035
6843743
1450286
6824854
389173
5941553
202355
120631
6898030
4188596
6839579
5184235
7312265
1248741
5506051
931537
7775598
1112703
3878252
2726130
7235336
9707094
5621921
1722112
5867079
7529542
6297461
6006117
2513169
1392670
3916000
7933521
3753895
4018457
6496576
5071873
3590057
1451422
2282538
5717598
7862679
5150661
8905952
8952762
4573557
5207214
4351639
8051266
804508
161328
2663423
4066854
2294600
3365631
7061146
5686733
6241099
1145974
1603294
8203977
659355
1997996
7030159
7278491
5173737
9883362
4369815
4749167
8811632
3369414
8373361
2202708
5636994
3334637
7007608
2716354
2406541
9630514
6696563
2407445
4449383
3338737
1024544
6815262
7018773
6248400
4792990
161906
9776312
9718654
2907621
4721628
3496122
3703395
5880529
6228759
7268653
6333621
682976
8188913
9219731
7062303
6014241
5848697
1122330
2102771
7140777
6186712
2820031
7293446
7751819
1330857
2752016
1694700
9494579
55111
2910508
8037068
6124153
9187969
4405533
4402621
6841282
3359375
5129499
6098974
1392898
3383124
3420054
5519772
1381193
1538989
8928397
4946351
2506307
758190
2446814
8160059
9960154
396975
545702
5251365
2505009
8492377
5989471
4523249
2829145
3967869
395047
9117822
3590145
49834
2443013
7521318
7036928
4673043
7274574
1075924
5137449
419401
7829090
888706
9448358
5402594
4918611
6494328
1674421
9208391
2602204
6862695
7763509
6987789
951546
1487823
1419063
929201
1296072
2906850
666456
3264276
757308
9396419
6106922
6476281
9258413
9740006
6095172
2708488
6248952
1963053
2089310
9253066
225034
1329641
6363667
609604
5712524
7722947
3810058
3708041
9359705
458759
990955
1982238
2912356
8670165
9171107
1981492
8047932
8620566
3785103
9758048
1122726
8805619
8172245
3332514
432504
9336859
6170967
3943406
6818644
3294976
8824956
9473363
7707042
7385648
1913179
8114416
8356798
2466493
8872442
3890644
2823252
9050073
9775233
3473903
5915200
556852
1498802
5690155
6958556
5327522
2924446
9442983
5647286
5359834
2926780
3850691
8297891
4230666
1201939
3190980
9217847
8303229
2832454
9818428
20868
7542121
9893950
1072313
5634071
666554
193381
6045198
5644685
2418240
660329
6055054
8057510
9820583
6663653
5919506
837930
6000022
740728
2062765
3791725
407512
2311459
1393131
5028023
5487206
151927
6307474
1991075
1540031
5728821
2559720
559700
5429872
6018112
2746621
2263914
3540140
649215
5447519
9316594
9552044
1191746
8964101
1237475
7025733
2809258
6953904
7480281
4313221
6795770
5534373
1147916
7123766
7023003
8371123
6650007
3706226
5339701
4182362
589079
4462131
3551712
4630804
5964398
763865
4142326
5273307
1735697
975217
2673220
3587091
7126376
1475194
9702793
6027355
4328307
4329378
8148660
807912
69259
2494413
4441461
7858547
9630106
3662159
27816
3091190
3501379
98565
5915813
4640088
4786807
8913450
2276952
1820590
9359583
8268896
238002
1029415
988742
7404905
9969158
2486498
5189050
5796223
7686434
1630523
4677296
9779720
2350063
7509616
5914426
9622161
6977616
1857153
4026755
9037676
7375440
1911623
9698183
7763033
4018889
4916597
3429150
2672678
313260
8169440
6089908
8197133
7851869
5252037
1910577
9697167
7036472
1906818
4071792
5381084
5177464
548976
5938687
4017275
380386
3079169
9104766
7665503
2198584
3347675
9896066
3681385
7142726
6311102
1285726
3037668
939077
6677206
9416227
7747368
8562206
1204362
1708075
4615580
7893435
3331955
6511282
4670280
6563289
7250479
2630766
9559087
738972
5503208
7563741
2586894
8586322
3867278
2231206
3033784
9398169
496253
9709619
7507395
8369070
5867505
5029521
4167111
6535957
1745808
8679522
3031607
4348949
7757503
3864761
9070847
6472634
2113486
3752851
8634585
5896111
8038679
4109793
9226681
2690621
4844469
1580538
7166634
48317
4060286
1416577
6900232
1582620
1699299
2638577
7116126
8030454
8782999
7677289
4720686
1376689
2774567
7638276
2827332
4009366
4277270
5526279
1052817
3581608
8717617
6747149
7870886
3601588
8387853
9666756
4937799
4357120
8530253
7658144
7105819
1477741
6726370
3259617
7984610
6660616
4232025
6607294
2796111
2453070
7210805
7044418
3727654
3291837
6265471
203227
4212616
921133
2233356
8128662
6179240
4754604
4246671
9987794
2544203
1509290
145174
7020777
5319227
5257907
3012408
2672895
9219315
2556946
5760661
3593944
9508368
4744568
5746104
4297438
9308483
4431073
56630
1297791
9312908
5715745
5001216
7454300
1361172
3979392
1412398
2794435
6287974
1890018
4425783
8090098
1500063
4864062
1214682
5107184
7324498
6680766
4953887
5933354
6572523
8625401
6910664
4946650
9704374
8432966
8224071
5287288
2451100
2377191
6000738
2514431
6342263
4174166
4349197
9004037
2549254
7152096
9873150
1436041
1626871
6019213
5022747
4250230
2715978
4798647
2249230
6663480
8307796
4150884
7042633
6760425
1220844
76101
7020409
8957550
8515843
145001
4027750
4657323
5509609
9941375
8504429
176013
1612089
2267222
3592909
1085963
9671271
4021420
579520
504938
5906211
7997835
4623402
7834974
3879433
5883171
822263
9939812
1665659
2328142
2526955
3944918
3913530
9838794
4992034
3206025
4030886
6006410
1011860
6336762
861562
5889685
2777920
1350571
7154646
6926025
1611368
1580572
1569924
3379742
9774659
3782348
3376087
4674469
7403965
1677466
2450904
6829332
3880868
3448581
3185433
5480418
3535353
8207125
725599
1318281
2856789
7538726
5611185
6442287
3963203
4605768
8677693
3760008
6245315
938623
8420348
7363922
4327831
7007945
3244950
676136
9529999
4793689
7261221
9278067
3307679
9818916
2524320
1729342
6854489
8412489
443183
344106
8233155
8751796
1787198
361025
8847782
6661788
7843313
4163008
5560245
4582612
2966648
3452859
2660684
3365607
9200244
326155
9596916
1615936
8718338
2492442
4812618
2795251
4310320
437501
6485405
3416392
8676550
9249132
2505615
4838737
776347
6496412
4812687
3770258
2715523
3659659
9507487
3462640
9912232
3221563
3706778
798234
4201506
9194571
9679394
3280229
2754594
504519
3065797
9961781
4791410
3560411
6585424
1369420
2100986
2041083
8092035
1159640
9280124
8671528
8469896
1196776
1398592
7153822
1262140
3862310
7574992
8639422
5233351
738674
7243591
3023977
2387407
5618559
8177780
1861166
6344592
5871155
912430
2127291
8412467
7776131
5027880
4682228
8271870
8762308
2088493
3530515
1001385
1659081
9568629
5965442
3974609
5581268
8145182
601479
6698586
2539750
1108452
6420248
6123222
1856535
9657755
3627214
6468867
7359807
875977
5110772
4167395
8066188
959863
4702418
1598081
9407351
6916412
5979467
6937794
6865157
4672632
7659287
6358087
257239
816234
1812798
8884999
6600384
9843119
1802580
5282330
7652190
4755989
7269885
9790233
1614610
1569246
8973210
6372915
6681167
7159675
306306
8252365
8315213
1384015
1289584
8695891
7785776
8682287
1422605
8268670
1795417
7183193
1508504
9834948
417129
8477969
9631517
8793346
3355815
1946825
707362
5176536
8022087
5912620
7868281
9747313
967196
3217980
5486571
340766
9911031
6257590
663010
5517924
2879753
5502048
3549653
1980559
6900433
2723629
2849603
9099676
902913
270447
1058622
3930389
7553525
5120869
7901961
9574996
9512367
6314730
2698983
4475442
1362194
6068862
9165801
9360201
8478767
7510321
404688
6035610
9959522
3225808
3194111
2417114
1892031
8979354
633411
7572668
3659893
1745357
6066004
4721095
4895965
6486740
4916518
5533089
9479361
2997045
7077967
405050
1424464
6756725
7588770
8600082
6476757
7716996
9582155
3757952
5121739
8558380
4392366
2268493
9193655
9661429
2580863
7918976
117473
5728599
2885609
1390375
370039
7269996
9603095
6943062
8003894
4814265
5783817
7519332
5400417
784542
6513073
3613454
4150772
7442918
7929214
3393716
9741474
6977342
7899376
663073
2863458
2153953
9988087
5756975
6861329
5348337
1806218
2039378
1186389
134617
2691915
9212215
445250
6951769
8568587
1165741
3855143
3472738
4296394
761452
7422881
4114921
4133399
4090216
6418852
1383379
3457455
6543732
1102638
6735893
1173399
7341923
7506608
1826064
2652774
3738269
1639381
1165720
6689263
9227217
8681140
7142605
8582790
6538752
3293175
9433290
1618703
7095072
5806020
4862955
1492288
2619772
7351329
7137431
9805452
2531000
1553584
4473626
5917775
5493839
4989778
7531581
3409878
3597276
3256266
6216213
732252
7478579
8347029
8256631
592591
8200641
9343859
4686100
8360337
9609191
7143047
6507243
8311262
8932423
3510670
635939
4787549
9840985
8057339
5433142
1139547
4742586
6644974
8062162
3849
6274099
5613117
1765818
3351773
2878964
9449279
3611215
7713116
5576067
3208960
5043784
7241607
281067
3971852
206696
4412048
6497213
521373
2342413
7679637
5700063
5514528
9254577
648709
7871206
8745841
1990085
7911983
6710695
2435267
6845633
4363027
567113
4694842
9030114
6874499
3847629
6126846
5266256
9078906
1913519
1010877
2455966
7167252
8703802
2461314
8235734
3421370
2751008
3931951
7253127
2705366
4036320
6731651
9391797
5250191
9395796
4705467
6128874
9158023
7576244
8582238
5895081
975572
187134
7941618
8892232
4166437
4376465
8377627
1987699
9837659
7422725
9240031
2976581
2956597
1505141
6671588
32470
3547625
6764882
773620
5638515
1824784
111537
8120063
9304644
3389384
7219027
6994801
7092104
9135518
6775406
6788101
2304433
5688559
5060349
6329498
2494031
675214
6533381
7266122
2720227
2070070
6856258
1959434
726620
1112215
1149657
3785007
1720329
6256322
5078509
1288510
6698832
4889534
3762168
6212710
4675496
91573
7933939
3652323
2507822
5560891
5979318
5058233
3544469
2760861
5679835
8136863
190240
982531
1086214
3671600
3084067
5159373
5246232
5058287
7604480
3353605
7705525
1708946
6904326
109799
9669562
5825087
1813984
9797237
1725786
1584066
2158572
6142736
6260628
3650398
709995
2978770
2397548
3220231
2629938
2382479
4539291
1838330
6410253
3554635
6557712
9123429
6571399
9624882
8365479
5647935
1849175
9915438
9445576
7731560
1331477
8108246
3865311
3385673
9637862
5221213
7334268
6528206
1915137
2024298
8754708
3502945
9701600
7285678
5466032
6451545
2136396
6905057
40733
4605334
8042830
2094269
3985441
4770530
5858436
830760
6590279
2538912
9152768
6320648
1954886
4033442
4348827
4611519
2936532
1129611
7619923
4671750
2068467
9969194
3899692
7977056
7977699
9121098
3698742
878129
7192082
4777932
2108250
3628220
110681
7553414
8185240
8824711
207536
3677292
124518
3288524
2134238
12005
3806646
3545944
644310
6643092
5231012
1395087
8636300
5934052
8221060
3197740
76451
3149284
1227290
5082190
6324861
8730729
8353778
9928203
5576079
1515638
3178034
6287939
1326148
3336566
1279599
7600901
1867168
9174597
2430484
3117666
4578472
3655763
9320522
975598
8000507
3932683
7670430
4140010
4011799
2822960
7450943
2357917
4741719
2562264
5054955
5325246
6893747
6725784
2799887
2314150
9499024
4500747
7898334
6860280
7284514
6183803
1120296
404198
9567828
5978292
5093473
6678560
6848427
3215234
853552
6736403
5522953
6522863
4895384
752109
6630082
5589011
7386431
2920990
672606
6087044
655755
7352436
1838272
2800574
7406964
9632756
7541864
360780
4893600
6522977
5688371
8918689
2048196
2119648
3767865
1812187
6883635
1042134
86391
1461036
4683608
5333353
8228431
9248817
5372872
6966766
2385560
9484823
9696588
1264911
3280425
9633579
1979840
2144882
6554602
1052123
3961086
1888709
3588918
3646373
9077550
9877206
7430177
5812940
1154600
3817335
1511969
2010132
4081821
2252846
2333624
927950
8888455
9287444
1635881
136288
4578981
7835045
3658540
874563
8081524
563886
3304071
8056649
147543
2598870
4112710
3235146
615247
5695623
1376784
8475070
6737103
5918867
2272465
329263
9362323
1537882
2244653
2618199
5168716
5259638
8086314
157327
9175219
2560699
9459502
2649764
129002
5101445
9114254
5576291
7742333
6308740
9421759
7227171
1447803
5618809
7927959
5339474
1615532
34393
4987376
1612589
1204867
8490752
5046503
6078931
8261701
3655133
131333
232480
8970155
6657246
1108918
8666674
634575
3031310
3148555
259122
8519035
4628278
9297983
9980383
2232715
2072427
3614431
7282077
6223589
904155
8654911
2097064
2167363
688337
4865458
482554
3675080
9466484
4540638
4772605
5888196
2172688
7838877
7102441
3796668
7539886
2933074
9309656
7073318
5650626
2814519
4376941
8623671
984126
9671731
6290746
5835577
3421013
1392133
5338686
3006731
3189005
4195637
5809734
7402265
9619092
4001760
84115
7021917
8076095
1488460
6707978
7505222
5769420
8990931
121795
5730784
852054
1125628
6183683
5433882
674686
9156319
4545472
5785833
739471
3770213
60830
2578411
7874912
4521562
8109310
2203938
9039875
9348950
5245178
209649
6797464
1381249
2342575
1536619
1599647
3197651
2682312
9750818
2197693
9056416
7542141
647469
5021478
7293259
8317708
5119343
8329210
8801675
5623435
6355515
4341979
3965343
5346407
473981
5196842
6514568
9904564
6773798
3378030
1765832
4769069
7971180
739436
428657
3711285
799323
3482112
6619886
6842237
7118112
1608210
1300186
1953935
6675089
1663720
4519738
3095147
151511
4270192
1213490
3626552
5784796
4658774
5355861
784741
7132950
368620
9577017
707685
9981995
6738730
8728340
1546381
9333223
5872186
7271880
2459830
2600482
7219532
5462045
9424650
6638011
3424754
1400107
4683415
1336566
1690798
161514
4689334
1958928
2749672
621640
6939405
2342066
4080221
7180824
4761199
6374719
8020008
3089282
5909922
8108673
6537089
9751448
4157044
4746450
5714103
756890
8338819
3441099
4452310
8447187
2149791
9855286
4546742
682772
8824854
8036962
7908014
8365662
7310400
1489843
9416338
2482255
9126657
7959316
4265091
7929638
2955606
5055747
6356877
6619138
9800720
6320002
916966
2713888
8933733
1357990
2846619
1626483
3035617
1762095
3364385
8285553
4958725
1832438
4596459
6261135
6708704
2702169
6300228
4291649
2926079
2622454
6567765
4627393
5807341
6673599
6259503
8183215
2260344
1448808
2124244
1915047
3147479
9683680
4806629
5557374
7478504
9591692
3001068
4293503
5945990
3933364
9546842
2658027
4735127
6741243
2831970
3999892
541765
9433757
6605141
800177
8470472
4192102
8911690
3686614
2231478
2260052
7869846
5167755
8078432
4210750
3324517
8776182
503488
4074478
3025967
2908534
7567314
6238207
7838955
8844095
812618
4353804
7036844
3270836
3001530
2658665
235507
1725708
9396738
3975310
5860188
4144197
7640912
7889558
2964005
471254
8294498
1173386
2186555
2888154
8615314
9219322
5283691
4880330
5609889
1869884
646329
3052947
1845087
6263643
6542455
3937330
2534616
716871
2927341
1119539
6438919
5937522
5365780
2894570
2751227
7253215
3286051
8749166
3679341
2239882
6072879
9271257
4931759
2382501
8195286
6277934
6560847
2127343
2044738
6900309
9542375
9935994
9474647
3536786
2909911
149781
8160344
1651876
769522
1079654
6430378
1751639
3126942
6523956
1065565
4203762
6092296
5111225
3565135
9462893
8706375
5148309
438129
9214621
6988706
5417775
2745867
146204
8297806
8438595
4220466
2455839
5856523
9408536
2319090
4626247
3576913
6541110
4211982
4050151
76618
4274639
7196353
9838488
4690257
3476126
606284
7505095
1728712
8303597
4273634
8014378
6731599
5438938
9762470
1303806
4835326
3890430
7338151
3402445
7038262
5656197
54987
3484038
8619058
5204146
9515437
6634889
1716405
6228614
8588332
2715501
3667536
5739214
3808960
7752944
9096359
8739796
6002745
5339612
56022
4165222
7712898
777248
3443962
3669766
9737732
2673077
7976381
7010659
2274004
2511498
2278787
8999307
3593126
5510557
7552905
7950522
5309934
7122418
2777516
2912095
6121526
6411482
4315164
2442046
9233697
5201318
8772786
5854446
9481377
4593779
9041785
4898270
2375921
7775986
7345811
3046635
4119459
9973505
8206497
6413136
20714
5360407
691869
3669508
4109379
9886854
3880113
2569866
8488327
1581935
3166348
4280896
6431603
4763813
9643958
5560550
2531840
8885307
6733495
1726347
6983203
279566
8003551
6316440
8050986
7893743
7278665
8214891
2788436
6197502
9142595
4035231
8645389
9979095
5943998
4745804
4562941
7912687
9015276
9112907
7966900
4282140
3644630
1032087
3658110
8284675
9849878
5371550
1380863
6901644
3822537
7043201
5537865
8040024
387509
2343467
9729744
6200906
9820670
5814502
3245861
5156876
6797232
3667338
8435874
9166531
8795682
5051592
1240227
6334535
6190782
4581793
5070096
8682790
2929278
5915195
9180389
2024942
8873575
6485239
784009
8123808
7644897
3470095
6873846
6041485
5928748
3756045
7288314
7861177
1847240
3806885
9213963
5711400
8019859
2654021
646174
9826099
4362466
3917834
8121647
9621432
7320597
6555882
8042184
7072302
6851985
5386816
484168
9177583
8048523
499166
8733542
930949
1308839
285737
5671692
4788133
1326626
8863913
9858109
1434504
1751436
9838637
9530417
2914996
8933185
3044053
105314
4211687
2704750
9281707
9548748
9018016
7545399
9733023
5476161
9911791
1837082
1546228
3333313
7831340
2778160
5407572
9778605
8511203
8183894
9772930
8529790
4599844
1662822
5109248
5735256
5852354
4519619
6223545
3071545
5427950
5065096
5539651
1119111
473453
4208593
8122677
5373772
1377180
2986658
9123246
7240872
2879287
2445757
3430578
4508551
1226572
6562193
3293293
5284193
4033448
7207958
2751092
2961971
1896480
4105181
4205556
1859509
8098770
7954378
3235748
8868807
7022216
3880946
5057510
7374516
7110752
5462262
9930451
5561649
2865772
5357163
7808023
3876184
1892921
7363851
4490160
8597428
4540387
8437870
1199125
4158057
860962
8987073
2819382
2398945
23606
2847321
7045623
1563122
7077535
2351434
6432344
449148
7676559
5059849
7500276
9363222
7851578
7667538
236584
1876403
7224064
6117304
5217690
417517
836195
4313884
892633
773375
2237826
8577555
4097120
5059860
9839152
7797125
1262375
5997280
3472458
2338331
6371903
4206366
7403814
80696
2420924
4649362
8542229
3015317
7523235
5584720
2656083
3942613
9197727
608509
507286
4137719
7355814
2172477
2975304
7687637
9522433
7019295
6318692
2027075
2895358
3766784
7788854
5532521
1344925
1559088
4163012
1588185
276580
4776587
913264
5720987
631375
7932025
3814236
1890262
5131562
425736
5560947
9111473
7116733
2834704
8621484
1641037
7171571
241697
6176060
4412047
3830937
3751196
4373882
233606
512615
5570935
1399829
3316846
1337649
3554334
3062975
8008105
5993300
7501766
3616040
6686329
161076
9907673
6717919
7652750
4388232
6690126
9275991
735597
941037
5943138
9251338
3420541
4128200
2264005
1777466
364453
2508996
489153
6090721
7376523
1954253
8748579
111089
44535
2684486
8697645
5169261
2512234
549990
9727806
3561242
1972684
4313247
1404571
4132712
2289741
2437143
6059593
1463016
1913020
5278658
8345549
5729108
4153621
2575279
1445127
9484292
3360792
9640203
8030393
8746428
2482187
4256290
8753909
9352775
2687802
6272970
85680
8354456
4366937
1209432
7833965
9554450
8958021
8675647
9048755
2779316
9510015
9100242
2518118
5987797
8715075
8691874
8400771
4120869
9802796
2460433
3276062
538764
5626317
6823122
3406048
5983984
3209660
6163063
8543201
2423146
1899256
9496627
3802461
839770
3747748
9747869
5846369
241139
3550065
9185865
4021433
9886795
8252292
1017283
1114785
4713203
4025852
2536946
7821355
4071046
734300
5032569
4578068
3110748
424205
4358190
4479906
9781177
2308017
6422297
4184748
2612719
4592787
1486260
1056382
9944374
5234713
8232889
1534566
4878182
4018429
4017546
6941342
1807572
3425690
2177833
8914306
4532103
1454235
8704219
8018729
2542060
5135612
3222942
424422
7368806
7095048
633719
3076360
9554141
8719481
1350105
1307311
4464677
9646035
8904945
7772722
3386568
3159632
4558479
9218845
3325417
5999440
3952241
3355504
1409804
5380740
5947946
7987462
8803681
1263386
1887553
9368291
7795589
3656562
7727111
4707263
8061919
1045194
4247346
3724172
3433293
6941411
4314245
8978339
4021929
5651370
7711037
6250844
4424421
5728088
6984780
3526496
6421198
7817566
4699772
575500
3732994
3685961
7424417
4404079
7863091
4936653
5611315
8944240
4918136
7600334
2728783
3600170
1818579
964025
607578
4628895
8709040
3084561
5741196
4741534
1090344
9951031
9881140
4287777
2640119
5411366
2475315
6247427
1073541
2214780
8249972
9340159
2525439
4230896
7715453
555267
6372904
7111201
9346190
3337032
9407549
5437768
9250621
7994645
1394431
9270700
3909506
2974237
9861216
8291758
718281
2619798
6794887
9883739
6205914
8546207
7111318
8789013
3048328
8916039
7817276
7137224
5671512
4147285
3223685
8287478
1029432
8611858
7793619
6042820
4754613
1104992
81275
2615625
7516671
6118192
7111454
4595446
2176015
5791913
4200807
1512824
229714
1398811
9185998
7741461
5581949
3350159
4542619
5683652
3064644
7375476
8319169
6376389
9998045
5350762
9721084
1477939
1830565
2745228
3737787
6162892
2238279
270068
3095090
1735229
6704993
5624511
6636024
4742584
5812071
4810432
8753649
3263197
845452
7427836
6517693
3957779
3587965
8496091
9285821
2417175
1857578
3107939
2945134
4724284
1477781
1297675
9896323
1287450
2541514
848518
829741
3441527
2208816
6889262
1293548
3051082
3228881
1932201
7152959
1425068
9592319
3195789
6650353
3976214
4066142
8400873
962321
7665380
6137875
6476193
5470050
201681
1325975
1197871
2801930
3126627
8627917
297080
9854898
623495
5374028
8180748
2090239
120638
1196657
2898733
6567777
4952598
2103019
5524218
8172329
1082657
4262034
399553
9938278
7570606
5939691
3554348
5816445
861720
885702
127383
6116932
3645431
2360829
7949819
9050882
7980709
1876368
8044000
8940761
1920787
5354876
4189042
2093923
1665579
9218573
5964750
8833045
2480315
6070347
7997508
6474526
3129972
2929288
4589661
8909669
5222372
5089004
9886305
9092330
1956529
5640741
1333627
6298423
6434551
1418061
6412821
7206829
2531076
7105287
3535462
4248587
6775583
9414540
8872962
2237763
341272
7755157
8094492
3649080
4193883
9932234
238585
5364067
6240826
2376915
7086215
5153126
7215216
8839689
658569
1959287
7324177
3031732
4419418
7612521
2406987
8291753
2193768
4984056
2156146
4337264
4527144
5527905
7436318
4688882
588465
5708631
5365530
6791416
4748915
4886811
9039655
9592893
7103710
2621299
6337300
5053837
4079681
5315511
872838
3547531
1616311
1524878
868929
4335385
8045230
3840897
4726790
6891461
7678712
4845804
744569
8953501
7848967
676203
7754969
7711123
5811089
976180
787426
5783383
9048377
5989515
7414874
5628266
8533933
2629698
2927700
2785647
7664311
9282470
2029972
9629095
3131725
2980736
6239481
8882368
3059420
9155021
7097156
2623297
4813870
8080304
3292084
9504417
77339
5014264
1905005
1318090
371956
4116576
3271804
7968592
4654992
1242521
7241693
8385025
5686525
327066
2823120
7332805
6697107
2722113
1028588
4832224
2132244
2404824
1442797
8275428
9874200
4345372
4278585
2396462
5060248
5872983
4678807
1014210
6541372
2452254
6785972
9739552
4154300
3377188
9018511
8031060
6265270
9382269
2307154
7748529
9502201
9408317
2396695
4098445
5501729
2926882
5616864
6471680
6922746
9441014
706496
8922311
6988696
1850484
503048
1076880
3783935
2255396
6705534
4649820
3879306
8742711
3260868
2953648
2837839
5962092
9688438
9271084
9177099
5938416
1664691
420802
3117917
4730843
4316465
8759676
1749904
6422588
2578194
6117134
5679975
1992316
9973420
4242710
399519
7834694
7113124
2884591
8114335
4247758
6372720
2448725
8571513
8626867
4860798
4651834
9299239
8421709
6019671
6591591
5435457
2480818
490808
6833979
1946379
1702165
184354
7773110
9586075
2407689
9420156
341249
2377902
2131756
4863635
5768573
1187477
5095344
3974217
4060721
3943164
7627646
8568885
9244819
7088917
4573971
2165920
3001979
6191115
1407678
2036595
7854725
2225194
932983
7343098
810680
3385251
7148529
630919
342188
6285264
1930977
4093073
4410800
9774373
2937150
8494542
8763463
4045981
2622688
3272836
6604111
9410444
3563783
6567947
1338843
8268314
96483
9340802
1641157
6987880
7917769
9877644
8534054
476355
202549
7626438
6972017
8561683
1813058
4164878
6912609
7178528
6984579
3027666
2230302
3058629
8000820
7540840
5760659
9967046
3208582
7490497
9134817
9642680
2138472
516744
1655633
2399215
9742908
754638
7928532
4120941
6891280
9628471
3375992
6538989
7014689
6028101
5772964
8156334
2114486
7553132
8627480
4423631
5322499
1605393
3920835
7629091
1012590
4210
5419454
7049319
4228718
4829602
8014509
5686919
9371239
6470077
5496746
9905822
4965100
7808778
7333969
67273
8526782
1093965
2989153
2113681
7721504
4965391
8990521
4507677
7081327
7765889
9495796
3031242
6492540
4515662
5784029
1953837
2053130
1810299
1755200
146131
2659431
9777545
9492850
8514362
8838528
6759135
3269012
3471702
5157890
4731481
4908485
2426734
8564263
3441848
682884
7692203
7835723
1791971
7145394
6937361
4964664
6659330
1333123
9717070
4986395
8054839
2028527
1236368
393162
9217209
7563682
9278159
5526784
9058709
8553205
1120764
7787621
2700582
2843747
4301063
8112925
5522645
3395346
258250
8338798
1417043
4788566
2867648
4489665
8543488
8338093
4131063
24713
4677588
1399021
3644105
6617989
8031907
5950032
7602541
9982069
1447135
1725851
9780440
9995474
7821117
7600626
8708796
4034771
7169531
1075277
5665063
6886134
1879044
4707937
4818304
5144535
9207637
9699015
9617863
9823880
9285313
7557685
2937990
4219243
9682723
6286415
5768876
6645325
6688266
9015675
2486450
4518174
2573959
705467
8023176
4426952
1703263
2978064
2750647
175483
5462333
8553162
3916742
2454222
7103042
6074301