900949
724416
502446
525166
249163
979975
492923
13540
486160
263604
537968
154227
935116
626242
163324
388759
502609
587884
610814
34678
39057
225714
440500
788257
815691
326754
625515
911263
520033
661252
398632
706150
630644
65549
423551
928680
788251
824959
469642
763488
698395
895539
457559
950831
743084
999435
702868
454187
429805
912240
91383
576051
130695
882480
558488
345515
339774
671588
700411
992605
184842
975613
525977
915540
240228
401315
84635
697377
313555
664136
640171
593624
19403
970893
438033
659077
649412
96402
271960
917763
294917
557656
151545
308459
583421
871700
725873
349621
664930
744182
140297
268164
603469
519179
284449
282117
572069
5486
635946
777692
186625
536182
313171
732601
41749
188901
236220
611266
667194
352368
362009
877321
868719
325837
107649
67020
490141
970480
974344
837710
359637
274218
239091
312250
493862
297457
11706
627980
153765
625821
936525
960713
928848
22869
573433
760207
264579
165660
363934
819697
58958
47916
655373
309315
2978
656259
723309
845989
368670
533702
304611
827229
274847
916433
20416
238355
919166
305652
18760
687215
745780
368262
44821
537964
185806
442542
940816
934875
308925
410950
963591
535162
580532
951700
347955
962679
940024
338148
517744
50223
889035
84912
7079
960984
86223
463065
646309
424965
141902
956845
27217
42104
632815
202305
904260
262677
797569
964782
833406
317071
658999
948685
502773
501798
294183
13593
285792
328787
19436
200512
259017
365533
508579
758094
917838
985231
529650
984630
74208
84948
449690
810910
31323
519243
261123
382805
36457
142344
546883
401582
968485
471476
683082
868595
46562
204073
218490
29888
533582
82424
631677
170567
97418
864941
906049
502006
53150
184349
421874
222454
174577
112891
583481
41509
884217
859656
277235
185508
990331
750942
367263
14017
833567
367206
153273
210424
519320
620630
431889
592417
838096
13505
421214
534545
3174
640707
416463
180753
813658
58712
246836
292058
930062
767389
370138
946914
693353
286778
522499
850240
365718
973396
280551
605520
125356
992037
629432
103609
795998
583227
336987
139321
608111
571399
235699
276609
727411
375233
339156
509827
543839
527283
951937
26383
214462
696427
467722
699579
800979
30344
580057
14593
696297
984093
149829
190824
584748
621346
597775
233208
8850
967105
823588
320251
386011
698773
624652
51819
475356
125139
749727
644793
736283
495510
158183
955495
882196
992074
448861
928420
85771
530607
862450
892953
628742
134348
841299
757711
199241
874647
76608
219727
258434
432016
293275
795939
721942
145159
384676
347624
172060
624922
878129
430901
908066
612522
70069
205585
598515
867497
63934
720736
35568
947221
539939
467122
550744
563022
629238
878432
710218
476849
647472
722954
129543
841631
255367
736733
475978
481634
551334
772638
813958
66829
402726
910379
706840
106850
157820
128077
742214
548205
117205
788882
913952
374056
853129
458228
321567
994149
692863
681239
836069
279524
723645
420318
978461
328924
516073
658609
289538
667822
199635
290780
390117
956681
505874
655305
993361
663919
688847
789011
504286
248198
746064
793302
648879
969940
452718
491797
559944
858151
52602
783603
167700
647370
347584
346401
27626
630509
707133
741817
762212
306470
452447
713714
624813
216664
332783
650431
987216
788969
921779
458193
514215
177518
236025
939991
571218
71805
389096
249647
950234
533447
650181
193533
943105
676969
9650
151421
696181
223084
565655
381555
208717
671005
879060
179274
694886
902717
484605
415965
354261
471257
662378
528129
14006
336213
403780
72545
221061
761582
123046
502822
331899
239303
974932
104090
778965
286879
710275
733562
306205
280526
5768
26404
297105
329319
214517
657442
43894
18849
921048
107033
78280
739737
346463
611040
862991
11315
330320
518816
922928
997793
401440
672742
680872
651247
646895
326161
209751
362690
804461
391685
500960
875674
503082
500696
979975
506557
295254
915519
716660
326480
417909
853727
703599
218619
364910
137535
857706
598953
437569
949927
241023
835257
713932
722930
620401
532131
537833
857785
447068
836602
190043
446243
952379
365025
900778
793636
877307
505985
758219
96862
537452
301847
131459
426810
415047
563722
771379
119359
135163
425219
948385
209184
713304
680476
787264
331944
465128
508589
461351
15460
998471
83475
323742
398502
744493
784689
157375
807811
742359
265826
410837
172172
831157
527574
940375
451963
675140
303049
63314
854276
126699
902036
613117
146846
488997
240086
440990
747277
282559
901662
730315
139636
723465
340020
714485
618166
124810
662768
508225
154742
203226
679659
975123
206087
754961
565003
239182
933045
800159
439112
361912
489228
77988
359714
79035
816166
299853
756536
675959
239905
213398
625650
693041
45568
298176
937272
870187
527195
50566
928222
970573
195246
577299
794396
853413
404083
917157
4310
864745
99118
986822
170076
269597
281200
486027
928492
123078
947853
831783
736782
618591
524846
351839
167168
669347
717597
188355
366001
884628
665265
412676
333283
784677
536905
255741
223374
342449
562680
752108
491688
931064
594040
427009
975949
333842
684486
223927
732986
819755
340287
588702
375874
647833
904218
945573
131076
211130
760061
368311
4458
871340
311121
20644
762795
177430
635015
301478
406167
823782
178808
48112
209022
79830
47483
200592
195004
905216
228513
232810
629997
258813
221879
378131
954124
101031
947147
303872
316755
619323
158484
521798
308891
950904
648574
332930
847574
453217
409409
231731
432184
859543
944591
999777
295264
277868
856930
151626
235061
105584
436029
667306
745433
72082
741529
130147
593284
895810
874720
364113
721877
191629
136982
266396
226776
8195
101198
536658
328839
709635
736694
775830
279878
123016
994331
7431
167305
560477
352712
770665
501101
333478
194290
65495
809041
427357
553926
236223
582656
430265
139335
842781
425946
195750
287999
865415
77032
812477
520936
69173
730597
773993
621513
326261
410713
615588
305825
205044
372179
283579
586241
356594
771315
486987
38185
508490
644478
870077
225567
896289
330231
15549
41607
409676
254072
425110
96866
128398
381055
561536
521235
4366
140944
682354
895781
633778
348312
825890
428109
264112
618416
177357
255266
78717
774413
144588
1298
692919
600145
71007
599697
606218
927921
236541
195454
454423
524806
126494
118321
705245
141213
328454
304732
648301
248803
178870
57000
682286
935741
958080
624506
933620
29009
625956
350346
26762
334857
160222
593408
286266
759657
408242
266871
877174
122769
295101
614219
678865
596560
315272
585297
797000
713070
10702
230397
784863
321255
206972
636960
842193
413547
593027
11676
642479
969119
278271
374672
601613
951949
258836
565186
137569
735316
470554
721589
890685
202376
501220
286675
521067
18736
542464
847559
171740
813874
431780
847658
821243
833718
48869
282131
473755
558924
600461
582223
781949
179070
727756
904006
465884
672685
879062
889031
149688
56833
521658
9083
8955
216939
525239
909977
654681
247283
477172
171284
797528
191048
623020
230654
470807
620233
675126
949387
656267
452081
181631
567151
284849
339803
820666
174208
986918
483752
179963
825850
871681
702711
822537
957401
964417
483615
286846
66331
970459
929617
605784
121660
51931
15341
306315
661696
460369
151186
680167
707188
506309
984435
535940
72353
607404
55205
787769
741040
28281
434818
847834
707678
308699
965602
764573
252843
328047
691008
293585
118328
952364
126984
408625
548939
988346
639627
423884
171397
879372
491792
950036
145182
652584
402440
783190
166811
811076
125201
30238
133395
208223
616937
576349
514320
674258
822496
104139
301909
357917
881716
91811
340873
316442
655950
992445
944779
603757
827895
238531
724631
74905
529142
15519
303824
695448
86864
537357
91811
496171
726201
289957
205241
464638
654863
367066
43524
809575
66027
554102
813303
217802
413039
107655
524013
246296
624496
147168
247841
141852
931641
570730
349132
418624
284853
657115
71787
604177
311372
968983
111309
430074
911760
11001
307837
995987
287622
505922
871166
172600
607071
852906
770429
881986
78226
252820
778574
402371
427817
127924
386073
371772
613889
348486
803676
675530
825969
483247
915663
547723
170315
784337
602567
646327
135637
223727
816486
744680
190463
679200
521213
823560
565943
213904
445596
14511
72881
265395
561229
135583
918494
283278
605414
895759
603514
826179
584525
477179
420175
180713
118048
511387
890923
136994
636157
254439
95885
602780
89623
320855
548205
736414
560910
41726
2418
854760
701223
112841
756854
98768
387253
262851
381198
611228
880053
898539
362862
711045
605880
137942
902190
139263
15041
149671
694731
758441
927708
965483
28044
534494
864175
268917
82005
523489
134577
25858
903150
263882
872087
122841
710017
566517
737527
712537
960954
532809
607605
838045
507181
820837
849167
906314
749542
838312
946403
765412
413720
924123
996721
935597
541130
38326
813229
720551
8545
239579
121863
572644
36375
238963
816513
21843
995095
822426
743491
250209
249695
368408
559443
132422
275087
551184
329047
138813
574232
515716
992172
924549
704484
65353
259307
236304
268277
326492
551901
280409
575561
860819
891375
557819
511172
137326
652793
631616
820520
980975
656680
322095
531759
103597
351516
580753
598630
901134
538779
27097
757997
454369
224354
408219
378301
373594
243238
564614
182521
956165
461653
180051
107138
941636
752119
275496
929749
64546
526548
182340
986995
806902
846546
163105
516379
605787
441782
975222
16660
635096
288776
10039
403404
331440
406192
636581
649203
331566
503904
763657
818197
978679
972747
225451
124678
189886
839351
34702
36860
145683
314685
621606
805939
919246
867223
566229
752892
462711
702420
260137
634017
727297
926631
348703
584744
324438
1768
634466
486992
397739
828277
682151
394264
560665
917318
374265
947949
668601
130482
253553
980105
173936
583600
787310
413918
398092
472228
978569
48195
432662
818994
952718
638837
14271
355419
333935
99651
698488
710199
625994
110630
452822
406854
150152
306941
299023
124827
178418
687662
954033
704823
88584
131046
91237
380629
484470
404928
262997
992469
576288
213108
607423
972252
447415
573806
721116
737573
575044
304785
998554
485376
581283
401469
876250
442440
844333
613877
725321
704370
636592
245031
763560
269974
72220
56621
500724
648651
962124
507503
777924
244845
856904
908636
78621
168023
797447
819660
353533
645769
870650
623635
706764
954439
262807
731398
427829
413783
785753
315125
292923
150460
711331
169725
144490
82751
356288
214104
524948
587411
670172
861869
401555
953893
642533
541320
801580
138661
800323
490585
929704
955423
503439
987043
238846
801864
756782
806281
594714
720279
618753
903056
156931
216766
607621
921195
40841
580724
115486
97413
761148
447935
904333
768456
539699
299413
711757
685810
650247
457338
855078
330636
765889
73078
348933
284259
604529
522661
52339
931125
919100
409099
591206
167796
485147
454359
456144
800177
877982
762742
672149
611681
933099
251351
722024
671709
756135
950300
448497
234219
181647
705474
225060
997233
743918
490086
793042
989831
813874
817029
873803
138138
758326
403039
269808
232367
849452
754961
779776
987166
223333
773237
607053
328417
11990
966181
397721
525378
767873
173617
447400
159312
523548
63654
456987
226921
894142
26784
289649
779817
40594
851168
906070
566938
777358
139587
680339
714361
240959
295909
625396
864982
545307
214659
714645
158959
765455
851723
496816
238213
770884
345422
934064
775205
863557
330730
111770
233211
61622
216743
396490
844348
898507
818084
186585
348432
378677
364814
335116
527802
163723
483340
141955
561292
9087
538035
53256
908103
950079
638256
168554
342805
415727
297516
706628
89759
401593
933204
565777
608957
374110
872277
414016
921354
221640
103242
855765
297533
530658
562357
811553
415157
879250
107004
505522
170926
602029
966226
202413
117619
670103
743566
48277
619701
366652
73105
858331
306613
983645
719508
421622
885197
817761
162840
498751
263559
255230
356576
898480
592228
985564
302896
799533
192689
731685
595805
382899
475956
847780
143733
457128
62190
481192
461210
8832
624052
771583
441701
191732
519597
942366
613318
86645
619930
512697
761153
263919
921471
276517
896466
617075
965760
277986
262994
146737
917513
233710
18477
613830
169815
679738
939575
876949
893999
937211
726377
273624
122108
975161
189306
433995
6647
708559
366878
725147
993611
698385
885350
92334
349463
499336
264767
467610
591665
521097
262847
707878
91387
316283
558392
444406
584638
324047
439745
822512
843146
98763
945319
275750
64644
244140
479326
315513
1673
345957
368182
932142
464845
452096
606222
856580
28604
217537
758637
521486
673622
382341
875728
477921
841360
985476
828387
196453
299429
959017
778173
753937
264260
73646
540975
302710
980624
80838
859386
580681
885751
244593
463573
604256
543149
689812
577048
376761
806130
70052
564000
199572
384
18351
375338
467304
386854
320489
741082
857639
518250
295060
74820
362489
331230
648995
979981
303284
869990
965235
565085
252631
669477
636916
327482
790850
262156
790439
63835
146290
764705
923470
880540
443933
784466
772071
949552
875277
283393
969032
686360
428806
325111
484148
98274
56126
960058
95047
703653
9031
765296
711949
423877
535779
116751
927376
801774
334565
221205
590634
475837
583466
171581
47758
816039
724122
524400
342193
103698
900064
996442
372355
918960
560722
371463
593755
552424
935801
192148
76427
282410
612999
182471
629719
760182
564331
790163
149176
79831
433570
98564
760247
274663
163967
418740
6506
7213
947212
89521
697829
816417
527990
772258
762509
363518
533704
549353
849835
660445
259948
204873
100036
318778
660842
927587
746159
432084
881328
458942
970698
569529
684968
905600
427173
459194
714764
849835
27841
351816
285357
499170
967830
953641
654415
784539
661216
70270
257564
160160
880910
985209
255409
488899
420328
449428
70602
957392
191930
833233
113888
424697
224322
41023
856389
313130
353889
410415
779546
527610
820738
641291
732493
744519
502212
761556
997826
630710
522197
444750
304418
45039
999033
24047
811347
929624
211976
415663
529064
266933
431156
278613
816481
866428
968680
979067
995636
369638
515629
968577
15871
994532
984883
922089
221243
611221
828913
141111
636266
585134
110592
864315
909598
801839
703790
747778
894522
506009
969360
240791
723452
844630
295149
463992
106713
599417
548867
639959
632214
287875
845082
521268
435697
815475
55657
365303
549123
654016
188080
630364
66650
767993
987314
144802
626012
60729
480274
952189
539856
405982
653861
933959
1531
947490
809408
425327
524079
851138
449139
245124
855549
307949
542797
960572
926726
904354
556478
162609
350594
756096
592903
398395
607488
493790
178614
152151
75789
176776
203262
486561
529777
298685
830144
777367
206368
935790
829247
282728
530410
291341
461343
384803
327631
178043
4605
465215
107606
44401
151972
774644
969130
579009
692371
663305
622202
544367
530800
598633
110456
838835
265191
101227
740104
274692
137551
357392
424574
551327
45637
941334
452874
883053
664961
296300
393174
265174
533746
282831
728326
69449
160215
159293
73149
326232
331669
31553
152223
777589
225024
281149
828661
718160
485347
488399
23190
905828
534189
943925
215973
258092
804456
151224
492972
887843
479224
580987
936727
727005
663427
746610
632417
833050
535024
166962
847301
816480
779179
52644
626227
647140
546222
233623
209485
639501
585562
6876
49780
252170
56751
511257
52303
780568
156459
497136
790517
137443
679984
703060
639128
646471
635664
321737
136085
628027
475357
513973
136284
995227
498415
967034
776743
896332
553994
948077
220397
437253
224839
261633
676753
735871
308916
404252
578936
955922
314050
388974
302141
442392
644848
799574
517013
594496
852617
404882
522281
410464
814258
139270
150045
654864
489366
814120
883355
960605
963524
643587
717870
492670
175810
101302
416091
539018
404026
744730
667175
970300
553801
504119
183322
856948
913927
581868
382293
168277
907636
872006
78478
974176
70958
489962
156881
536732
108241
588944
761373
211376
631275
207493
163409
757455
80347
67959
352303
103768
602580
39335
269318
356853
522846
69962
129197
990908
107673
712512
22656
466002
694182
910364
552116
360922
971549
864100
796791
248638
271174
169094
30536
853962
140270
68572
261469
468821
32793
108146
899209
876741
648351
256772
424236
190502
53245
14723
618361
3307
340159
774285
903785
727554
13093
615089
782129
278296
76365
469763
108266
776246
351049
558096
643223
705790
847416
24768
135646
923348
335074
720714
600701
675738
873202
557151
492429
526532
639640
430861
852273
318940
336422
597921
220264
107714
236326
692293
602150
141620
571072
378479
989983
156332
258539
891303
63199
151797
557717
307820
758159
657360
191566
70337
762782
572449
303568
699103
470886
651750
95885
498972
522573
52980
71076
732053
198210
393959
46998
3395
247978
23159
552062
323709
986685
992941
511466
935593
468956
922026
453027
208906
924117
873453
147178
76245
783726
791698
479215
165876
334279
651169
783929
639702
653113
940875
937391
79235
270260
765747
799631
595291
411074
206269
866167
530297
637711
571873
446347
588024
911453
663177
795099
300027
855417
47106
791061
485991
533089
768380
645414
555732
829772
832008
107200
770725
299107
184272
187863
462042
951822
139215
709345
929830
882899
57355
573118
946119
757857
4767
391857
706442
347279
768610
464719
503923
52645
34983
255830
614407
897008
90750
520754
178161
228820
606294
768804
681237
185387
718422
923313
459705
82969
257814
669090
773946
795867
795315
659644
669870
167127
154657
14593
639273
850398
946611
73305
630654
818034
254109
238469
47018
746968
41909
786078
391839
299289
592367
372830
371994
881682
678829
403794
376518
34729
249055
433328
609744
577880
157441
846378
168081
146265
269238
183997
758816
692869
705397
605034
926246
400789
442419
99660
989618
249598
171500
654365
397479
258437
44613
241210
250793
674228
432110
179414
478379
731676
82160
557909
341539
182536
46432
606501
256596
299065
637873
33608
14969
912292
453234
828023
591598
817188
443174
877667
272623
447545
530503
419989
586713
944040
601309
562968
909727
243106
111586
743449
564961
281157
160745
890455
373305
292526
203491
356704
455324
887424
197794
760843
670118
89027
982584
505991
279057
220577
413276
617291
245105
62114
849150
383830
460367
503553
544876
945279
619534
254029
228882
9335
641173
631521
864448
89437
216010
165936
562520
589791
950148
889593
978487
66511
84575
850309
746934
258257
463659
895063
332324
742081
297715
15933
307939
43326
1492
671640
114005
635758
20994
107227
934765
642788
537627
405122
261696
371055
320239
786261
316479
23684
712208
154195
742463
377022
549865
107512
487695
752626
607765
882742
403490
575068
844910
873993
654831
9825
858362
637390
966358
831891
713802
62895
412945
332720
243054
507990
851948
616385
780259
5747
922812
379051
42214
139773
23535
702122
213610
695219
281865
158278
879221
758907
62227
99283
909294
728451
710097
170295
968621
238165
306647
703204
614317
561058
624506
928244
640736
492776
54867
52267
865918
274645
817490
684818
232310
35371
194423
766510
249557
65021
622559
140114
592851
331066
291645
279485
585614
201905
88891
957155
678183
553872
370763
498215
483955
331202
983743
206740
511889
88300
264307
401722
921827
782972
49081
669195
243683
56672
837879
428309
841964
761851
532632
988424
601322
806419
705130
515499
847141
523859
145614
956269
915651
148468
29417
655526
49149
522296
219652
294523
385284
20014
815846
340935
464075
675827
255534
82316
219196
782929
721518
215011
34676
773010
758112
209316
994002
107780
266783
891106
279408
991940
632935
792781
294545
709238
194340
490188
567064
234741
35180
714041
738469
677307
103773
268403
119154
680844
213150
597147
401888
397484
61620
213723
830259
136398
439249
538909
993171
271337
152028
495267
822555
621587
213862
824502
982185
70922
755839
404126
887748
437085
427913
742066
352575
54593
899047
55831
212883
151058
568158
346721
506749
502906
406631
236388
770275
231198
856005
537577
274054
388127
227808
218926
16773
8589
276030
847520
802642
925757
133185
571668
674239
639458
903685
255059
760173
135808
691265
555798
146580
495105
292984
508106
519346
578177
882313
936995
129389
252710
815953
817767
793179
666127
360894
342738
51754
633876
652349
762083
107210
267724
585691
789589
71772
949355
920966
975647
239484
969878
656735
35355
73123
349796
697547
605025
3455
815164
913455
883231
975569
683070
636969
969954
41071
73584
562179
135978
57157
492246
565520
408833
876610
427954
576544
72658
323899
600796
121384
352038
754198
263157
358158
709961
916140
267970
526065
918612
917214
205224
348532
213622
517583
142992
567666
256921
37394
950431
374689
422449
223737
979357
834413
803160
715854
258525
47978
146833
822902
856255
734670
655002
158511
437643
570386
502016
423680
309532
450913
8745
282094
206185
268807
354902
397670
793905
365219
48209
91304
426353
212896
935541
733985
521061
962875
336367
584107
658314
68708
781610
768217
919278
566324
588818
798944
37712
544074
429778
141661
716272
586165
144568
372696
395434
232058
74491
331509
568687
701858
728077
619039
184170
23092
920453
103089
970625
586249
877243
178749
458059
211271
784333
866041
237029
223025
787099
108317
375526
683323
255590
982383
307462
395490
233276
543963
191400
337502
568762
803436
3201
485597
481536
94846
938088
251374
78686
445613
447900
527400
837430
229414
876202
727869
754710
439026
728888
194858
413152
254821
924040
776948
580748
612877
433595
993188
510829
414927
888975
485679
325315
701894
301533
416471
914630
702783
426907
276857
535145
34653
387920
938233
671849
714751
574509
650439
185377
887332
973615
820538
850774
542374
601534
647887
689586
726344
805399
538813
720611
70653
652578
296282
267269
981215
220776
686853
335116
411502
160848
66586
44772
235632
117886
109131
195777
664500
958206
576280
465895
936809
441045
447726
3396
339313
165380
183775
647440
676568
181240
467916
227738
797569
450127
661460
272846
60234
426477
618124
740875
810179
833727
72442
314610
40146
114914
859181
254868
71537
497964
322373
485578
861369
308689
15258
704691
376815
904420
951120
305929
967471
17691
605774
199211
381439
495570
40781
621592
368339
524563
795024
95588
88865
979377
151191
420803
607254
394117
319095
68841
804316
242557
834819
812452
288626
621814
450284
261839
313596
342209
875460
441750
170088
450276
981085
306555
488760
991461
816787
249785
97481
629583
50510
964715
712952
821028
979843
506915
743583
699930
684355
178725
266317
58288
55913
916948
988939
754479
684951
326106
996847
8877
440854
146307
938593
680511
627963
718846
939885
84767
743974
46453
113021
690038
250467
460851
495612
289390
704638
8583
786590
102173
895445
600284
253822
140293
257265
96811
911389
12639
32154
552065
746604
297193
417036
316188
333780
849634
725110
497760
614475
255225
455142
495755
113050
46502
761785
242913
266112
430319
493819
457225
519067
711837
296
395563
528080
56136
342082
593430
419741
665403
82285
839318
871394
658212
199317
738996
957972
343056
762735
127172
697900
756802
412136
43867
7375
376750
413321
937833
148482
587015
981476
664735
226506
702380
504435
184802
542513
759537
604964
298729
369154
493054
942562
716782
620420
872960
103642
295110
98085
38702
623821
744440
264644
223423
976791
249898
264492
181476
412237
703548
283078
859399
924482
665773
91031
302034
992428
37639
801014
989097
196150
398857
299200
48759
385910
738771
632738
244074
495821
553465
397935
627712
90047
118684
862962
634504
333241
996633
266113
342111
110332
792563
348494
418156
754672
350477
236148
836269
778508
297998
247406
505660
50187
519705
998155
681490
970784
285170
206316
724076
197005
81925
504997
527602
868465
845743
246600
67220
22736
385780
871251
623090
954173
998298
980769
117681
688900
223654
830445
199105
819812
456927
240258
584108
127317
827449
999910
549772
212593
907338
283902
350731
280708
166633
696953
707735
907563
959592
787260
74920
585013
467361
858599
876297
524677
816721
771696
555500
566146
391313
447871
100326
169594
599805
190506
121050
545640
633199
715566
168187
402040
497829
138193
443465
87832
197709
26315
163360
563138
108036
878629
965808
278003
703113
873482
674025
492192
252810
689674
453882
438064
439359
103345
348041
418143
501935
936383
425484
411305
771341
201855
291641
735836
79909
978688
998396
937759
378275
452077
8899
738484
881848
402302
55634
641428
735889
665557
300487
673833
163790
416226
746939
938590
416841
211074
573435
484996
407485
227361
410379
819537
878880
518569
394393
935119
387721
501845
562083
15723
143566
652555
243480
496466
24359
720932
17970
434469
350260
483731
170959
482971
703789
683400
620103
491129
148260
598651
610747
390252
350013
808244
412193
181587
151190
775551
551302
764387
623603
348644
411407
869558
715801
977462
812368
403759
493301
803642
815838
812075
670711
61220
564616
731906
827716
307114
88489
737903
822258
324167
45652
932234
38814
845771
947282
846928
691434
485021
465780
649517
254000
622224
230910
796345
57488
261802
196440
826584
136476
134914
882647
473648
449941
473332
9896
787978
45091
350224
445084
786951
581339
683279
672046
882954
11669
27210
270838
429368
437360
373300
704778
677285
484761
121353
38466
866006
462116
810239
825891
758631
826328
42198
556150
870127
421578
32644
410331
367796
302895
755564
839041
36006
491554
603818
836510
609981
571228
377165
281173
456490
827843
507592
73111
723699
274802
391233
372248
703683
289939
805402
848923
572705
334312
489629
278074
927090
881031
997182
579115
14188
534753
493485
329428
336939
769262
534798
545256
181151
343308
857882
407691
680490
217545
680110
203596
581963
623243
535015
137173
628362
74410
952330
711531
109766
551651
525266
243784
555974
104011
858840
167986
757753
655310
588718
198481
929841
720266
659304
778448
690111
646692
544476
340273
746741
587889
919585
796394
493594
558148
238729
715287
926961
495059
880593
821839
816905
676085
369554
123489
658348
509707
292569
249041
478836
873309
201937
336054
156763
776852
691450
266060
515838
669349
422475
380652
979634
903041
158157
552264
16069
550455
950893
61224
151229
173482
618225
255408
698750
793070
484372
562992
951961
992151
922304
787410
559596
78096
721834
905286
303143
307553
336856
479688
475707
217047
668790
897200
307612
456695
208467
916171
134839
677653
660521
706924
65922
587255
38606
691411
757316
377085
722215
541287
361950
395738
883737
710131
148069
169571
425630
279739
110184
917742
262229
206360
549152
364381
429456
66817
187402
830410
134864
960333
858492
906735
345522
808256
443756
633326
376400
994061
123136
478299
856864
91617
754442
771529
524297
314929
181210
675061
674744
957851
670000
572106
745129
394731
645274
38997
650507
190932
743814
198024
23617
485525
831401
641875
979111
657223
925760
887267
720478
242104
7105
280330
923013
792253
312930
510421
45992
93939
711594
153683
841776
100286
517037
124959
845707
574002
132425
335297
647332
906314
776207
250679
899835
648274
895186
817298
769374
644349
185923
59962
587155
253
237729
753459
129296
31267
947002
816166
610400
197018
845953
76959
845299
131619
630807
701471
762414
575974
357258
700990
438224
405039
967630
822330
511219
450667
149893
999465
135781
892470
687091
209335
285133
962215
862904
867269
891157
390749
382271
908998
272581
24449
543904
920667
456495
372881
663914
396608
666112
886974
285634
465998
229520
507341
471542
219183
170119
8554
653657
116562
600048
14037
239136
44786
474986
692769
399335
322406
56349
948409
928797
643627
966228
355722
118586
220019
548643
56605
798769
162681
117255
621481
474167
176039
297765
571469
921152
895888
708671
34063
447547
896978
252658
379957
23770
323549
209072
450835
734564
465689
203015
792709
584003
853887
443245
956377
367432
99699
490630
190053
779920
313498
871459
248407
116102
488117
876865
130632
34864
697884
830261
442655
654341
668949
347157
620376
215052
870072
412023
498639
46584
376197
88291
562000
582359
495111
151713
38510
91147
596575
371971
730937
696397
856164
763796
369048
211821
732366
985928
238585
895312
598968
151008
938540
941913
991375
230064
469465
351031
720947
826101
65037
905928
524197
354055
718129
633422
460441
635173
894620
865061
577310
621955
470884
1275
857927
112014
1975
69366
752198
610491
808651
495118
197715
138679
132727
919975
765228
654964
153582
450291
769452
625188
538543
947412
561154
572905
935830
678061
699660
530817
141336
810256
459844
945224
407671
278754
599405
748143
16329
928462
582395
542530
435454
952851
249449
572563
651447
755836
613800
589941
790131
70127
248499
37853
572377
620112
306324
43006
180465
828987
277156
849145
751235
556544
502687
510043
489863
277926
718504
713569
265196
330440
566750
431853
301337
584104
278595
576060
312940
253216
206688
138356
736972
441822
245341
85913
567397
550185
281359
355083
350649
561498
337225
532626
104474
766516
927298
664109
967023
298944
370969
82682
332417
955726
280156
983889
424811
6661
98996
687920
719000
222980
196319
464387
726772
656320
591388
236990
744499
896400
369784
633218
896487
706303
242062
42802
564805
287100
967870
662300
140595
779909
380482
303257
590896
387272
381492
90711
811329
915919
157156
212834
357361
300218
142710
874079
699343
583441
413562
979077
786871
489636
452002
540395
237034
155907
621206
951171
188386
597077
477670
970979
69468
497363
95
314199
285151
171347
873680
152664
237936
140560
12215
947169
194542
742458
717340
684380
884086
169021
153633
28080
698570
406668
65221
616088
646539
206128
636461
900053
156421
298876
469859
766817
677832
925397
758786
635336
12458
336301
34341
699598
505770
271884
576882
29374
177468
476657
349744
214053
554499
685596
610609
245508
64004
263949
957765
821096
311102
783122
560578
128938
761197
660068
316780
854927
79351
218168
230447
104103
939432
920662
24881
679505
422817
807808
345448
360139
307654
525241
264695
495217
937681
782992
643671
586607
909125
490488
291052
208550
719671
155118
722649
465738
106507
471912
286869
403469
382797
946330
889762
681572
406373
22616
327522
900566
841720
135772
443529
947268
788978
684919
350520
729435
444589
176388
766620
318065
459422
968833
448881
943164
222166
873613
886947
282078
329108
41501
869946
92675
39404
246509
382430
495349
242597
482291
811599
609683
235252
89376
551096
885645
37311
745589
347390
267374
811598
378124
325373
600387
435231
409353
27807
519804
589792
873488
271707
993941
400845
319208
791942
59847
403518
472478
272354
494712
377935
337675
302007
509810
768490
405925
591060
149549
196194
108341
709274
119522
982237
448621
817392
134470
725164
765431
26584
72299
141353
137690
123057
796320
678197
552468
563334
869518
141332
834874
209157
229828
535203
491597
830011
506167
675971
955508
729381
136670
816203
31175
47487
996440
567482
771744
648442
569662
943543
305762
131087
302474
758479
851715
337717
403532
545044
477522
669195
399847
415594
439026
378660
99109
537696
406723
857855
375057
848242
795480
697223
337729
200568
965538
176402
425440
362534
468400
151537
564072
147061
177721
291262
857014
503091
252898
935192
301894
985905
374831
688461
564236
479531
979428
841437
103018
536714
150444
468698
798106
562379
523402
748366
776389
627147
314784
242503
216276
410427
256532
730162
684539
976458
466398
691767
481530
951072
849128
337653
574706
621707
543936
17142
600380
595759
673311
717737
653079
230135
98276
991928
970468
936970
373157
494094
696732
632308
171291
53480
267083
742873
915676
802719
798770
348993
921392
340450
83704
371508
485246
177838
437227
589677
112797
761935
889383
672143
542920
75010
516403
966917
306081
132321
897885
470572
534614
906744
471101
718829
294847
76805
654957
662878
668001
393363
690859
178574
86289
627126
371157
532114
656217
1207
324744
98311
76489
116129
754359
681510
884146
103684
476378
264777
213292
74430
307583
286185
844927
815461
180797
845971
842631
783014
600983
451608
849251
789202
252698
860738
310940
990385
253103
935850
34734
621635
126090
2759
551133
806647
627330
218950
534896
221567
911427
874521
151129
633900
885913
177043
651119
213571
26336
477510
703570
572892
338015
722437
913507
932048
51904
256301
560693
144923
630529
195093
59814
868012
663075
622678
97698
961522
758775
3424
241950
136760
596944
901219
837027
526769
11776
866071
854618
957682
558101
519433
850067
217592
148675
865047
623633
401288
710784
560022
592682
732913
586378
969690
301937
670664
980867
833407
992947
459232
356845
68676
950863
634919
242611
875970
177033
22181
472846
331471
854246
171984
499319
72878
699980
395876
929525
187182
656629
142861
116127
310233
360770
849799
118037
259525
316992
926049
500277
415619
475519
657323
116940
134176
437841
987946
877578
984376
725402
511764
924232
489451
348523
787247
492810
288741
420568
768409
754351
593278
436092
150799
49688
755998
268713
966397
831139
273911
823177
443820
132617
884530
941291
255925
835566
782453
422486
962257
929869
273611
680990
722794
307822
476960
829588
120543
698584
819218
6362
330083
747692
522440
172977
138173
976111
771305
150141
982325
119153
804494
681588
261715
428150
701809
982740
372667
586409
594215
557195
119905
324784
900834
756838
570774
776640
282432
374506
480628
643168
44636
431535
579615
973829
639220
795416
236264
931087
503964
479749
168873
266490
221289
63228
555984
189872
718309
114338
750412
473156
232587
175169
131980
941511
93762
34350
818355
495186
460553
818954
341190
421205
490221
536204
763018
155875
400285
923986
922525
653158
301594
499936
374941
801974
341951
986442
173451
964414
310853
349957
929065
901583
612290
222615
881126
553928
381764
96620
389108
670965
590545
888333
821448
485085
987855
921319
976315
76514
81588
781813
55561
202246
113310
917542
719997
311713
665326
35074
814
681259
860276
439380
345668
953953
564416
724999
813840
808009
139242
974254
867381
798089
895444
139715
303856
600073
807907
835333
112736
481415
419120
558071
623145
815860
287531
53647
934596
397707
997815
506355
892648
429959
684536
200240
169098
367545
19465
565727
969910
379
422960
644747
444251
369011
109940
226451
228802
546165
756329
745889
794340
788317
910267
793730
196930
678874
422747
913872
425156
309686
126277
647514
492671
859718
428984
313176
356303
717142
745960
203276
416390
957720
82052
443164
498850
305522
631773
7542
730192
522388
895213
435193
440864
31892
729056
589521
927176
840161
657557
62017
874790
278017
764599
501013
434936
678453
148491
85924
660337
439532
887619
537201
275355
355045
437522
27471
970139
193525
138906
515252
580924
771061
788267
249313
923565
424892
430696
367038
881004
736362
13000
893095
359666
795469
840708
553243
877860
488273
171441
103845
465668
55172
262154
562901
799517
357313
490786
418297
232345
943183
619999
783100
598899
46525
864294
922566
488518
654307
839500
465876
322655
717348
364830
748303
978064
305806
152266
234851
56285
271806
944815
791293
235258
444987
677703
701080
387958
404328
513430
443712
333023
35942
34102
941700
102330
788154
740728
348219
280604
399056
320143
10819
334215
317274
469295
968982
120317
764415
83439
656053
253284
987910
980577
194584
314222
547769
903330
461749
712298
254706
56827
112162
545195
136339
155972
692146
626229
235641
995406
615951
313754
67104
580222
466923
461705
187328
537625
610410
84784
272110
568437
603141
496515
948304
392548
572441
290624
201702
474105
920331
756636
193263
682022
183099
879018
11316
635464
446801
645060
838888
45326
976639
970386
793797
445820
827940
214106
899850
550038
231871
925159
736244
904052
946139
417803
944748
907843
353694
503855
188299
65071
302179
858941
89760
333973
737424
555547
671985
719621
112421
146517
859332
365657
508872
680241
74523
869883
598444
566184
245423
549308
330523
7474
119640
573969
742390
806774
798887
770621
836482
761730
948172
620834
517642
752028
737264
911163
907166
477944
446377
742230
642191
659877
89538
543565
562919
772536
16857
55542
513032
858130
963513
269936
139246
485691
735058
27353
339235
369679
58329
979834
211600
882677
974858
768675
596092
113807
939368
509768
138825
200501
421407
317747
552497
313139
605185
513566
18306
561629
933229
349907
758676
151580
654251
725998
663021
920482
587648
443756
752534
768613
663031
411063
459710
824807
695786
20831
932188
876356
353997
9232
823361
609821
862964
983662
786189
314144
434374
615496
380692
18514
646037
256318
379206
140437
271372
647241
459148
423774
261641
837561
89281
372444
877547
261341
771701
553007
225553
323339
427663
490204
32182
49707
493332
730582
692842
229976
636807
393524
521076
811742
82027
732839
480762
111229
566713
503814
724315
204838
959763
648061
374454
829173
127639
878481
758979
842583
45632
976607
551391
721256
395933
125749
895481
654896
31808
685197
687100
192608
896281
864179
132584
566490
866228
808061
9697
203473
88448
872641
164402
573303
628797
507269
718751
987036
616428
926957
810391
482594
380
774423
759246
616405
331974
509161
846213
487935
662737
254584
195285
794042
40255
648804
469843
782102
572474
181923
515356
675004
481717
203448
526443
744521
445198
547035
124559
282941
50201
816128
625972
74665
304769
749973
60268
309745
866715
334356
389517
984533
888044
741891
127657
629973
275651
590243
191568
736770
44570
785779
541062
126585
623206
468209
704107
33352
613692
863655
736352
546933
741622
40047
185587
626398
387959
914343
695995
670312
863790
53885
846803
734376
256169
819106
741051
419666
696818
154625
144167
694193
633801
258805
493016
401245
535842
582065
628039
464262
43934
876638
618452
52834
581793
688115
274488
485129
13539
569573
819687
528668
323746
129467
460269
577288
8212
816268
901142
360584
690355
287840
246044
391431
311353
918680
76288
548669
539340
928056
692668
329270
804922
269252
103179
537297
236997
103655
456346
615237
979793
175904
86806
758836
865731
795992
752310
233947
323202
977194
960190
545092
800792
102228
464484
462035
26248
967429
630008
876652
625415
307887
1579
885487
821460
915037
237391
104039
314279
901190
721151
603721
884224
150242
746552
910612
624446
800866
198913
661910
116704
975189
507534
861088
51330
554030
114625
191583
792551
658274
627743
598636
844883
562179
128113
821265
840885
803003
292185
918192
653875
616859
533644
403536
833166
663694
544162
359937
372983
315330
316075
923766
240556
523072
846145
907132
693735
434417
692906
25122
176320
76215
288797
511646
228441
207879
843553
534388
753370
631984
712409
392958
331448
869313
381418
582933
974342
830919
145367
75977
622410
256394
488897
806604
814813
426208
399724
495431
961844
234503
629659
508613
769686
4542
822099
130169
829671
831122
525688
441448
744561
83009
854163
623550
695919
705166
999204
393484
173272
930441
863425
619623
294067
191076
217986
686908
914089
288998
959841
151544
615186
539170
119720
356109
977951
952672
53059
441916
724156
105728
11036
1716
158908
237050
976321
323363
209540
263652
375044
603648
743671
256083
130801
357775
549105
599441
520104
873971
789498
388959
66284
97653
771473
592999
389624
166680
293585
24627
555796
144392
406625
788190
90256
730900
240325
723550
347235
240432
767949
968320
645010
552957
855042
83653
101542
660674
874022
268502
442129
415169
220509
862658
137761
439004
302140
309111
232909
581101
515844
85449
867945
645507
648084
544204
753464
569879
768075
103953
415493
116197
568473
331616
546778
229345
291174
912151
165924
241949
479607
208681
845286
539303
616852
731787
588129
108471
230956
628800
351828
660595
959830
762124
950281
941251
850348
574968
129226
123246
967154
72381
67583
979332
430512
214655
473607
549646
82323
941398
869427
44447
292209
501990
747479
380685
473031
189706
459442
968349
667843
864322
570824
842188
754714
235519
619238
307135
286327
711703
263466
623614
580280
290295
810496
976710
25818
49180
566411
62260
713481
950750
837943
512532
702717
83388
634631
432917
722651
947071
626045
524369
769708
900373
253740
146848
117359
133332
445545
64919
226673
928434
404314
588994
416359
712230
280365
779011
407143
188141
908703
115879
394894
859458
581643
46117
408068
547629
176590
451119
403132
579248
549068
336383
61035
630132
128315
876963
283011
199448
953823
95305
381424
529734
796586
161572
98297
65604
70262
468529
974867
624191
865365
940970
544272
205291
744451
552348
604449
298174
488778
475383
472023
110568
249931
850300
469596
743931
828749
448652
371531
856977
405438
376603
273492
197727
813961
249057
548996
726248
582948
494947
879310
198252
110564
566829
591763
450132
833423
698984
707223
639716
497171
221794
673466
784600
315076
412148
497170
882845
427395
218651
955289
315537
424865
229445
818545
458504
549524
975819
739771
719975
315670
192581
751418
725252
84323
776854
423326
281161
95650
906232
3835
145425
260798
695554
228873
20995
981160
162372
210283
11304
868045
841419
825259
963803
209716
328957
116591
458226
772057
717271
913160
397129
171431
498351
121805
909206
741277
745945
151032
756351
231609
953338
468512
976001
931970
565915
451807
873083
518550
955009
903986
599524
621420
355251
791370
184066
922978
309284
818378
140154
704640
10297
761053
477363
639656
920926
205392
705639
97286
127789
666687
194169
263999
301677
199306
150131
202704
379666
198189
692002
286448
385225
430067
558527
52338
29800
295179
743484
461192
487513
217382
774040
49748
546399
728992
695038
435980
893367
294945
494758
437017
17648
910068
543995
165064
890152
408121
892694
851522
749779
693602
57630
407864
389091
177180
709604
320401
647654
67924
830550
562048
642446
55511
234732
97912
52983
981746
128043
50929
910960
409066
715511
473033
158643
953361
309750
25298
996855
153779
178221
79774
743829
828054
587687
7217
548531
478543
398670
612713
25677
704270
903469
189360
573861
482914
48041
794100
791645
511940
660284
875606
149023
174949
544863
455456
658972
59082
709434
134644
372349
339866
80394
355405
433239
220526
310151
214960
254377
669870
213390
131526
49306
869193
660123
981640
159069
583167
401591
334751
187159
740096
920781
513581
12205
801839
538349
368601
675330
671774
382178
154775
611134
527957
797482
68987
393273
282463
146374
443228
531385
801543
179907
422874
947835
871576
381041
528949
114393
392232
797113
615151
909673
402213
327723
581818
102715
528005
994035
104502
981846
573974
112877
563876
443601
960814
592547
184707
421024
534268
743821
187791
345012
745126
237297
255753
198755
211196
166520
185656
746664
486597
593347
184663
734114
979404
866731
414507
629849
577139
733357
745070
681205
515356
983295
918954
765329
365634
926096
302577
161630
372179
293955
372854
794164
219188
853881
867711
981716
359827
126315
60767
30021
715278
180498
547234
490880
974149
783288
564399
430949
371974
342863
235002
503546
449352
925963
469376
966210
16748
551312
279611
631649
113039
36673
136435
227610
235666
540887
185506
989813
10568
553290
130319
920842
347444
97164
737895
384154
236306
497549
392140
231267
190175
783996
278224
813713
122395
713581
592456
638318
763161
55083
503295
355054
432019
483680
240927
108280
666590
910061
892683
316163
682789
363946
151147
929085
450851
284656
835767
791695
245102
792992
881792
821174
717126
382463
98753
935505
407988
406148
567451
943034
985350
538593
845975
800371
472112
800618
38602
431245
942149
500440
283688
646571
935296
724065
422465
616208
675331
490645
492062
246349
136485
56240
460492
819220
395682
153349
484606
333969
999681
724304
249859
548867
562015
421351
73579
770850
800106
387921
214712
777793
652551
972160
656394
473810
929220
936425
685869
337287
986053
717718
857820
215739
956114
965149
551405
770459
224743
493057
103963
464870
393477
442415
910765
621305
588321
675100
138613
285020
964629
421442
330712
678366
754341
679962
825847
950245
878250
699737
9383
788831
956109
982139
884163
257246
522693
437847
376282
807945
231044
654305
908084
347918
833557
345146
641811
15530
452652
317927
427416
959038
333597
550620
302633
152113
938795
806755
657958
701099
597760
638342
901468
455987
833278
185373
947845
687227
942815
48304
190134
841354
253551
396720
366950
75767
693756
83476
736863
905356
930753
491201
62808
959420
867658
959845
98050
491997
697741
566472
624339
407017
125752
765570
616175
133655
236257
687458
638104
58633
856839
630567
156304
446625
855999
214467
824806
400081
469640
634635
774270
418201
987973
491863
354204
502419
204561
127681
594142
492389
544574
495060
830184
295553
222201
209184
369179
842082
845025
689593
571370
198444
707011
133895
899399
76164
362074
542061
523934
794534
20487
295900
769553
88240
939560
5610
443450
330121
878479
548231
544366
455380
958132
460003
326522
27477
674099
975668
861511
808093
726803
269496
933702
42955
588649
697618
306744
959403
513451
96869
276695
336091
948443
516353
332054
106221
15717
998787
371300
645707
688340
954608
592407
257095
308357
87988
478342
620704
234007
826611
594394
568800
805238
876979
628956
423176
869777
26113
754366
305755
614947
483627
997719
195196
92806
710175
750700
790615
397562
834412
819532
868743
753059
360204
609441
492530
85443
61605
555924
651330
153623
692725
631936
399302
684973
177476
684401
24265
983664
200671
610539
627990
765179
417927
855027
895442
17162
867590
170369
781510
31430
866588
9433
980855
475525
883449
607551
607752
351323
644138
279071
39363
977485
314092
411905
434771
6465
428885
63032
408983
960983
113360
215647
714556
481811
47128
684551
145649
396177
925264
44375
877083
389712
628129
282168
841081
21969
565763
443031
910563
475599
268969
704029
150207
184487
456124
595744
409792
499886
898273
87395
8087
220678
630415
990143
178793
352024
814053
349486
663107
394459
482747
698541
750154
179644
258378
862280
673419
749221
232754
131788
473597
601868
115291
336784
118383
152749
628253
50438
887093
126943
603548
800911
281968
886237
774949
492488
531631
799489
486792
329163
585212
581537
486587
881168
948366
536192
678817
355795
573284
500744
305434
641305
473937
991777
583106
661451
289278
402535
222499
558127
145329
951136
555020
292236
861359
83025
231268
536974
704491
453064
371713
646734
916587
149238
100463
442448
987589
659693
415931
789833
65338
380828
363786
353742
553384
921780
467356
650279
675982
976498
552724
412475
815182
161745
824141
724526
709885
153722
19581
616964
904197
578213
765795
340860
829243
412931
955611
624941
528599
681497
898973
492080
417509
848344
319988
914235
67061
201353
417969
193731
336587
452360
502108
598952
632675
60852
90503
707792
439987
600481
289265
221254
568058
781248
403481
89219
23245
281725
551869
878244
19489
381016
574504
441142
323080
536175
190758
431827
18716
133886
241808
631350
246556
629005
721626
203273
70118
721910
81899
482309
322094
920106
323660
656772
483716
107930
547518
369970
498528
248527
748017
493118
756132
643671
459180
865762
432230
358190
451121
2777
287311
401280
933060
341866
466709
699534
71784
627715
725166
819643
469402
643176
810249
965021
94372
873962
550883
157476
79255
618752
304702
393813
23905
398278
730115
196797
500524
632673
713873
589525
106562
834035
830410
35756
351360
675435
994527
863104
408084
284223
452681
95656
812562
840240
160531
256336
172528
751924
738433
578705
615209
21345
139101
922353
73360
125056
22311
534943
310694
816915
609502
660811
800739
630866
13257
806272
26102
505142
668744
96885
956260
627346
958018
586890
572347
918569
768567
857902
531819
186048
230627
485632
916003
836754
583089
909696
688667
393749
579468
179857
525865
251057
172755
174683
155472
56171
476376
747097
379795
848806
559747
409221
432741
302768
645995
508849
454348
753042
14765
540808
242051
13033
419963
736731
58610
577243
473746
275721
798398
764922
601101
895107
182545
214167
319060
349882
824268
321639
834426
566510
437189
727694
768326
76359
527515
804419
749706
974490
895928
920726
545043
269300
389397
7390
497465
238855
466638
712511
476350
934705
370646
904202
189840
117934
146643
281438
47957
789223
422498
843935
845355
677855
179009
218416
615823
397493
636245
446924
376799
45044
280116
873110
920941
560584
509386
952183
41231
199471
704018
60291
860439
595866
388627
884681
897525
716464
365733
488425
711703
792521
156869
784117
896197
855022
277598
552564
848455
177985
808025
240564
278610
240669
583062
360058
903915
87226
893815
778144
779830
759661
95729
313648
804814
856030
739447
361631
722074
374111
578790
731736
183208
785326
644546
571910
586164
508721
262628
309536
36512
318539
205411
817152
395781
650286
76972
974426
466132
865931
149042
606624
168387
492464
340292
173048
907493
542983
844787
806187
952536
392782
236593
603277
567345
239422
675924
824340
346129
709780
567220
900308
769274
751488
594730
115513
273964
489689
719796
169065
548312
318274
997868
519058
169552
245660
899995
589532
604265
476804
363267
207343
475668
195180
577461
490074
928474
986133
442424
441279
467190
833621
568409
697220
837918
93844
751776
966687
53234
939549
747425
850591
57745
285065
39390
357514
41962
282203
661996
349268
875765
480177
341040
112514
31416
661246
85184
513466
417326
170038
6670
216100
958440
691465
452134
747271
848420
433430
980503
136645
683617
473729
679996
450482
328653
471863
240384
689658
237080
152698
184547
963997
630380
68808
985605
331936
312171
568900
614647
915678
179731
829986
611934
897894
647400
164095
897064
956992
395388
683368
636325
994466
664891
678181
203940
392733
95930
477349
654884
440623
958046
97423
393746
555866
465715
118723
297752
701569
979030
525693
66412
494910
832404
911165
636440
164208
506877
444482
655798
19115
228715
516781
62130
133291
363146
238093
883019
171870
300217
222076
489365
577020
55631
73170
521360
575699
724340
988663
67462
970103
542595
393403
340086
325960
148171
636032
68996
447523
387016
724735
263593
270518
931889
210596
477684
700432
523813
365006
290047
542979
788797
948120
797644
378764
475830
388292
778300
645501
531676
72986
985607
78311
907235
112008
742562
298564
538370
385469
62876
466122
176071
86686
25786
301073
296629
420417
859405
646828
526456
80190
865292
690873
767917
741365
188457
830692
447961
494948
648860
99251
348279
56398
903511
858540
695368
492840
10130
515084
817986
375637
958170
402610
113705
366904
7819
207383
471715
271781
950128
938651
370099
30684
433987
708454
932298
960789
43152
870021
987953
551620
522168
171552
912497
107960
908733
796508
740851
20636
330254
955756
13079
111647
904349
557806
794100
70786
411362
560904
571860
44466
894735
813385
993654
626852
535714
383621
313469
932297
880064
589395
827176
374237
253684
990963
59544
522108
60518
864781
636240
233566
783711
608762
35412
920655
481620
656909
225417
65203
480112
348903
195912
672121
430667
304623
998176
651375
290847
549828
783388
292135
515735
249752
118000
966923
942883
703963
134837
813498
842479
298443
113392
127541
141347
982917
714527
672185
601804
15166
447269
5329
313944
816352
722456
60098
966975
79090
981486
293316
447880
872660
215667
964524
571787
417969
847124
315793
948192
272054
797549
876085
497018
491297
926584
204963
419624
342292
762420
210558
832612
709836
673600
213901
255706
40124
332312
697563
944323
569411
560476
730327
880090
148
250441
378241
547074
948140
343767
988272
586470
772088
973418
213373
659573
215018
843257
672751
241128
783561
682107
547727
326866
962947
457632
570752
776585
87174
394115
11124
569528
381270
203570
524952
194255
171470
398197
983050
167203
131674
289205
738267
927188
782387
739337
875691
703446
843345
861657
246119
623253
91796
617230
649644
668346
583185
893695
33462
11103
876517
214766
325546
461189
320644
770067
432975
482524
387420
321138
775487
560193
549577
352682
52967
340053
87325
193987
441978
345510
547987
538088
441776
352989
107043
303645
875055
453489
878040
898654
878325
492240
4867
586989
200657
914427
322156
282914
336740
318682
316907
674905
441696
798056
580495
349496
136819
363342
658541
28945
990529
89589
973925
269714
147356
787619
142400
652258
500271
438174
99391
793076
182614
308570
17340
207882
360526
805100
577676
176545
748309
402093
49153
706396
461339
120096
345891
99244
708705
605965
12989
208430
557814
762713
811967
901664
814715
4204
562208
279890
982819
881362
584895
305556
97121
344410
908314
819763
355877
206165
31869
495832
841699
8841
595047
112757
495052
64902
539880
418707
185365
481627
187553
347023
756780
939969
596578
566303
182659
765880
189472
390057
265859
204805
783165
954435
33729
2876
983407
852473
757643
608795
878986
502380
919712
273442
972914
504598
313160
673900
730287
247498
253418
625654
231256
211346
243917
36557
956560
263686
950829
906076
877819
652120
282140
750978
825985
722812
438029
480275
837346
917284
868524
57122
23177
639669
389843
24208
881526
36623
878567
835527
882711
101845
601339
119341
450724
64458
558243
167471
579913
137530
281905
417888
363998
671430
137203
491354
219055
905921
927874
22652
532943
982986
205901
900919
574849
72674
404707
683883
647209
357542
966358
896686
169878
2661
52429
515912
513142
564709
993701
36130
288422
666224
954697
403161
988500
690665
338025
434236
553440
64078
904074
100778
214665
593279
356036
343241
213637
191823
532883
689857
922809
4003
365908
744784
535792
563364
316813
354231
126308
869410
490056
612189
231281
475998
281100
104702
11340
300878
810911
132387
396666
809243
463099
508239
682091
641426
979328
763346
11370
901124
8279
708072
610883
247712
569285
957976
92883
916290
819799
240794
835378
262448
811798
543326
779152
837091
65643
426557
127756
813825
952335
905610
403706
884191
629038
83587
349776
849608
875755
618200
676233
657653
16251
521584
830009
698127
553633
842142
448871
254537
789238
660162
444731
463361
555000
106293
157384
954118
508857
249314
673234
455468
804679
591465
319598
822810
862417
561915
948588
157564
52938
871794
844189
765391
344582
379344
763953
997860
249619
733751
762026
329990
406153
446636
64201
865720
995745
878901
839787
458802
127820
583781
800899
54817
325212
447702
367819
691615
589322
171673
887528
457719
170084
273817
276537
706470
551222
470627
127793
129647
821418
207288
812782
863045
641178
211727
850908
522534
397266
532105
281710
396383
508011
889015
513506
401953
672437
492427
363480
671118
687384
183300
407171
299182
89457
76451
974047
324244
427724
913319
960804
106471
165055
697054
920545
631042
192863
862680
94241
423844
415960
303648
597862
526997
247562
389940
956840
685352
284864
447859
365914
52557
920789
483239
520272
84786
516462
858487
710024
265706
853033
276440
285086
779371
863034
899736
920389
442098
967420
144378
754216
815464
241904
639909
118977
556173
206263
461988
563541
703903
267844
221533
151072
160259
701896
811874
539979
120863
914882
139169
613667
687340
726536
187751
720232
713760
232225
595708
513687
334138
582674
118293
822346
442946
720717
92549
739375
321003
847019
437811
398701
257650
142532
277232
635834
942335
244905
160035
204258
621600
504695
121150
687416
112009
399832
881835
52864
219184
357844
803144
700544
210366
280696
416779
10685
340080
931485
939933
489162
756133
358087
831005
683576
631216
458406
542854
315851
938819
972480
881909
640894
725242
65334
167603
311955
544387
843870
112567
770772
315340
782539
504910
274658
923794
962571
61045
89065
391689
957949
328617
696035
105897
186049
293961
686908
89503
860719
619904
667474
579925
339601
291190
785424
164636
702722
541983
667829
226462
37894
293722
237811
899574
561111
727111
114529
634768
627330
471842
788693
964532
102928
587850
637509
313500
136127
313647
341497
963546
561987
185586
625587
770089
153709
967325
673448
872747
667377
222814
985254
273990
937699
756899
118766
295290
559116
24792
868965
805363
668314
768031
640110
300039
449772
179630
610920
816147
319430
153123
371702
296216
597736
905173
846092
252162
902659
390387
187067
69151
494489
783664
480910
336260
646378
601243
384692
528975
558735
249425
137744
664354
588870
751653
971560
416190
27767
299795
907133
412526
722631
258716
150878
924867
262406
70732
680432
636937
966823
190362
293711
60273
142307
72437
909287
955420
563144
368956
896388
85965
590265
97109
19343
205037
925506
420843
870780
645901
555100
637696
972426
358276
981379
748769
460728
606282
108125
630361
332292
984055
858138
852302
867118
708262
452452
74804
159673
670463
239513
59108
173956
261917
377704
638027
511236
160573
387790
242138
240415
189415
895502
552673
390747
586626
479977
594551
539348
658036
571755
366024
273440
477484
781336
109390
941961
921695
985205
383378
286397
285080
530437
909910
828190
428357
364561
67110
158506
502797
206525
245249
251923
608973
154096
3261
266502
144737
270383
269696
538690
564105
451539
789576
493213
72662
804054
35049
556853
392886
972701
655894
977015
136067
34184
22169
783806
874849
237297
763671
52835
969013
47576
77708
926046
355720
774333
656073
738124
212973
324133
699992
811433
250974
597311
826422
711017
655748
636327
628482
466221
643660
44581
263063
239725
482085
664421
16161
544818
355582
825868
305203
748641
397742
192487
270231
519242
514151
323672
267314
744854
126069
322236
296680
725257
394732
740397
371353
731912
544134
592891
83427
907645
738316
800394
194196
239590
533671
315340
753331
978754
959887
505314
413402
116309
159298
904923
657257
340253
393168
926381
740599
224461
826068
909982
568363
983975
520954
87103
56211
343677
760425
247340
761953
996166
339972
591131
35150
563178
544163
140068
951953
667653
18822
137836
361239
938026
739062
375344
742355
363100
722884
922630
938962
796754
340270
257701
850888
180660
896675
436516
978454
189476
444867
197316
693727
979969
391373
937452
510856
473450
676138
649140
701487
774690
6084
24291
532657
766262
733856
956444
773205
306677
715788
430885
654384
882462
74630
877044
680429
627466
262708
480495
249251
845714
746372
453461
216385
405705
53829
471688
126563
657759
248795
703039
146361
40625
9763
770771
538986
14948
577522
304070
415327
855715
569895
604351
655045
422936
202256
371000
882169
886169
968002
441499
60585
903896
526077
322426
547362
919163
753019
883028
877057
404533
102212
981327
808634
451693
703615
575852
91301
696562
627553
989605
266205
328508
224982
550098
415559
460398
831748
174989
404264
38496
405654
96094
254470
679608
112276
347952
285203
614804
591312
944991
971257
304058
232082
474411
652385
47476
276784
321175
985534
468661
873352
787965
230053
911239
709492
261336
474297
104538
789763
33719
178713
689244
801563
938071
748203
47526
627267
415051
949678
912688
485713
490313
860743
552957
363595
55921
33821
992744
100366
829085
150846
47924
81543
305060
950589
223193
758055
764482
700532
229804
864625
246043
217320
149490
871345
106773
475068
600526
48934
616931
206572
380352
187044
888537
512782
825547
898579
434974
150932
276982
865109
659430
226293
295793
444814
486056
574946
450030
158570
58131
724176
965100
188955
264885
872932
280803
292957
578893
631532
51501
588918
90786
217122
559510
426995
83195
69810
456228
455022
839789
800063
294491
885988
274702
347852
419503
813100
674506
590666
953497
398229
884178
85894
729587
187443
465412
233255
187641
993837
969174
412092
792030
390675
902549
275452
301161
100416
762985
21333
198707
410242
596700
100724
858783
923696
129917
541311
443704
937497
750229
231096
421882
359873
970302
886998
95989
798314
225198
529067
35170
149230
601607
662778
454600
148159
572901
571082
159813
224933
473958
608406
314087
668748
480988
926812
186370
591261
238652
300823
66721
490340
805757
44475
422882
758649
343368
778374
311607
139216
415417
371678
327115
224421
171824
379110
880973
527571
160351
916898
195460
826353
499365
539824
817833
416070
725147
705055
873912
882616
137764
498199
106426
968428
196974
234743
17591
59666
355926
409059
677820
933508
818178
208768
846425
191892
266908
614470
508228
287308
778031
763939
286716
303263
677716
746887
754071
456957
61599
109598
5489
519910
840626
572968
172063
547099
999903
952420
757522
179327
531960
621124
704540
342363
38557
349118
417016
682145
455062
754945
872712
16579
493353
720720
871743
584741
326507
139955
280588
140777
206193
38971
650596
979050
992340
163005
815578
3362
752978
502725
557930
496317
110978
612447
143988
529046
172525
21279
16433
681976
853427
237818
618372
295361
906831
628779
182132
115904
437439
109724
246423
300196
111760
549740
57282
229088
906791
410707
979337
63778
689502
111895
21763
964428
85433
876888
475772
582580
454804
715380
144
539107
316322
789880
884162
815096
33296
834898
353708
206546
503429
805763
934958
261602
957869
560188
805190
508666
671250
173868
141481
773052
487187
585650
537587
542954
966027
71755
299092
899024
705136
103330
853461
531204
369223
952783
492211
445879
676739
904701
70664
895192
625550
1740
248729
80554
675425
107620
236162
152840
89778
839938
22075
883230
282388
555138
743465
649831
145836
835487
150439
736376
200621
565689
546433
824915
506659
122063
528745
844406
585766
582230
464174
244626
402063
906122
330102
61703
99185
542082
248524
651843
581720
565005
426017
120005
966600
805991
816667
11824
426358
23980
722248
605403
246237
659702
196041
913902
634913
947562
178702
647899
779627
976852
622220
545983
941055
137405
167691
522487
484444
972849
759978
428901
481936
452863
36578
616830
461036
248106
142616
87295
49869
883954
735182
707591
229375
913262
691092
752205
234199
387869
999162
699714
15859
128141
133926
827588
445414
901082
82392
722400
138318
175904
872003
914768
654051
856389
600505
86504
968681
371720
937118
261365
445633
379663
592842
659908
519662
301569
109453
4088
981187
782634
576766
38562
756815
445037
139367
584541
678206
289349
358109
143231
572464
411318
524444
683289
435972
678708
889554
857655
882752
498625
176476
671630
16581
863658
332599
946595
956599
377271
37826
806018
597475
269616
788121
818256
447915
248391
454602
737280
213972
595291
655500
912891
507756
538809
583012
84704
273560
591845
14866
634995
913908
641650
535748
109753
432386
411106
765870
649643
293413
748112
414644
587977
748061
124097
881507
106657
37724
824173
692173
479304
988793
49094
124788
344936
254926
388996
293065
302637
447350
481628
920239
527475
761459
209972
353213
644385
547648
930004
746854
197074
432383
105011
686113
942858
262975
48233
471246
991076
175540
387850
813893
410593
753892
727487
957693
985447
306941
583797
349640
439404
354836
469440
127921
680935
609110
653652
640428
863697
884176
415833
39596
55170
807501
785898
469123
876665
596646
715855
88292
833169
13351
533479
834455
498338
483765
662820
126684
953777
729665
604587
851057
121559
446578
141644
822472
714695
736139
816246
15546
387079
167915
196189
815797
149844
69497
612249
543371
771924
150148
45197
289724
200391
792102
762523
169474
753311
839014
920357
929148
910733
131308
869161
579854
245249
105015
708035
156599
184998
197860
567981
596544
39717
30305
674745
33101
271317
744383
765432
551116
865545
69344
261964
216450
224959
899328
627
636142
529572
505410
707986
406251
291065
234491
572648
412225
817489
881450
25044
41931
322231
974203
226204
491555
265749
745382
349008
713220
5559
493896
341238
210116
737446
953258
26112
936097
112872
270819
926622
461356
61741
378084
780232
610824
656276
11547
969738
114503
502443
475962
510070
583563
658264
638168
559216
775842
180158
873325
227331
220628
783226
993461
747433
748279
884299
358180
746755
130081
286407
376939
532848
743520
74645
246704
587174
982722
868552
985786
661032
832589
316834
94658
687843
522246
410279
903129
953284
730155
495234
170158
163162
565855
890829
7409
49880
164885
170393
410054
657599
848699
715547
604636
275975
946248
923541
921314
219030
936848
697411
365276
932251
292934
631041
714119
707703
127785
335013
44455
64303
985638
5240
961039
102550
205053
982149
398932
276931
623884
79540
153696
632722
825939
788549
649509
415797
100210
715620
12481
995351
60251
804177
152445
349108
882046
389543
494266
97792
369819
6603
58170
244104
512092
66792
273572
935389
764342
284540
150622
628725
110902
12494
38678
215320
780295
606136
87287
60417
49646
998600
451590
21524
176490
372364
173166
42460
336174
86699
870052
758388
786011
524927
673526
449863
931773
132610
680454
307468
993683
527437
320829
885026
34120
409979
228697
684537
411354
317598
806869
842183
467112
41541
872520
931184
354429
206075
861575
72247
239274
11639
494623
617168
410552
656856
330875
345619
986352
651770
605487
751985
321493
643332
268798
910920
267479
323590
578256
802594
864124
626180
704536
639575
583933
757821
422622
365430
526475
482797
217908
251801
141905
959362
639219
330732
623306
81559
591315
290336
580581
264606
415775
797725
942910
812155
332281
30865
114478
52539
938105
737018
779412
721812
109470
192031
701788
378247
177043
819062
452777
673433
410138
939184
133431
122090
945887
786089
263457
896294
603255
22783
54381
48729
295450
971651
396328
362557
231433
304265
880711
251597
514996
210979
980625
381086
954337
742815
562066
203428
53730
14891
560603
874369
551522
977907
954852
562011
432111
689394
655476
109140
916678
355379
743946
665510
975429
128780
513744
28399
873891
80613
23118
819980
471025
455896
776537
542685
290267
417118
835058
465419
67294
247401
130015
647291
687864
315877
809445
986022
347428
791900
635161
592530
525292
800772
51760
981852
106245
164668
676359
951304
60321
420010
240326
296527
615020
30775
880210
242213
611580
374736
587755
148384
441144
353439
708814
965825
979836
17222
639498
620163
234076
951333
758530
968544
59185
756342
242654
665018
269971
567615
483006
976402
781798
662507
648059
503858
506749
738892
324123
896105
748912
272638
441544
745797
756997
314859
79514
127202
392173
49275
410447
588857
535456
748365
908448
632882
385937
958539
881754
664379
103361
865674
916035
388534
483543
914236
378600
621949
307415
36818
569800
628440
858051
585261
926229
213393
411421
905731
205549
721259
788829
645494
245297
619005
898923
619702
494301
671452
554590
888848
391064
394795
159058
811797
113741
879952
655243
664557
84948
917600
143865
504240
96493
406282
834661
948402
900140
954309
991293
766458
740613
431287
335425
769035
691888
536839
607974
277454
245935
508160
110872
895383
999326
274050
970287
331444
462835
418223
491786
422687
823136
656933
209457
583838
515727
299454
564060
150055
523784
301507
704316
497621
786986
217373
886179
317205
272482
14956
523956
266352
435903
606471
674016
731518
262610
607084
946490
545465
969125
418372
452598
371881
200004
31734
238344
173417
530682
691365
7163
606961
304741
576484
621296
390028
429703
896314
199314
109269
11944
143808
836182
880487
156079
14462
257177
592584
272489
748552
498316
654479
120148
666486
931045
68630
109413
726995
798100
714197
834755
163350
318504
817103
122318
41124
922916
650992
18414
161108
520146
9512
866778
410709
807076
835343
464918
321824
967797
793925
683527
646094
119017
804028
840055
367485
826454
52741
555566
193449
76942
202343
513832
878241
343303
194033
3921
214942
283316
871573
321477
822548
463363
817334
875118
415998
43579
296538
694390
903824
946883
901709
696956
432703
679863
492502
34068
450067
366413
580611
561308
281136
751591
407601
480210
874359
653657
848272
528952
948995
736444
259388
267051
482517
733246
554847
572840
359915
776520
116403
822859
462959
491361
348458
825226
207841
583309
202715
349193
481697
926464
726218
377462
996398
869260
484403
347862
184866
923916
774296
990612
950270
646353
582060
355955
546277
726501
166454
593667
390925
490028
319271
117856
717384
369159
744453
59844
934292
116160
230022
772169
85541
644225
330949
788448
179770
342383
461773
666392
80332
933370
487031
119052
377030
141015
559161
332641
500196
4593
402204
966841
484132
535069
504379
736425
122156
134542
143721
92988
306144
203376
111808
72702
408572
533905
267534
257695
562874
45877
538868
83701
876106
274461
761185
707670
977612
327785
221916
921659
296526
238238
358446
188057
462754
479140
766899
672681
271540
900382
274193
41075
473968
230743
78598
779981
980283
106470
522723
505725
735856
798619
266690
829193
359837
347012
406069
604756
416204
210365
348656
274411
583268
679691
602320
449376
154635
472408
656475
607617
573732
467766
853414
426419
966721
154137
804624
695650
463981
901594
648768
628964
346822
942905
489351
214583
88725
244998
900858
761424
249811
400648
642736
655629
360151
55181
384948
786022
391132
676243
207829
141705
228590
34433
210434
253915
755637
733505
735829
85785
751827
476311
149283
986024
652772
584955
807698
883648
984357
692211
730956
97814
218192
394095
794573
401410
170592
427219
181612
283647
613090
443149
287760
71063
820983
823229
715699
891192
40185
463189
43308
276301
763243
65610
365588
512039
114574
266532
800743
969008
131228
410362
128330
578375
949
708403
912500
469158
350499
340834
904980
319453
911859
122648
195798
398899
968872
89741
205506
384989
688078
122540
307932
470402
452445
986877
872549
489304
798392
316123
356540
742905
214133
792790
293116
513051
503967
611502
654027
986858
175064
905697
674985
885499
732618
79115
441478
605752
452777
22244
900600
252808
84134
289995
31513
162446
56435
414420
344360
965056
977186
590046
551612
195084
140212
546733
398437
879184
790963
173763
147968
801193
369996
272611
363159
449429
15282
187941
994369
814787
548457
621314
474141
321828
158414
808483
443451
819991
95332
62008
84439
841901
816875
897978
865420
380257
988326
665334
108166
854634
585335
160605
721688
338420
55553
170544
549981
922762
279770
634252
676799
870745
208624
85556
330475
661934
358724
246967
850796
355989
618610
416239
969708
911912
962177
225752
345881
244586
574299
115643
704029
404189
709871
703763
803499
114278
75552
627794
986991
10973
597923
631599
126227
486004
676384
151832