10000
90297771
8616921
79775011
59627121
89734299
78234920
23628538
80581909
81863752
62023101
253263
72378453
72460051
68954507
91645403
6956984
36610380
37747788
64696500
20887361
8912858
49333708
54395170
75816966
58827785
55984805
2896564
28209702
58144082
15564819
38907524
49697629
80859281
95973464
31594091
82598369
2946766
35844619
71671185
45365137
13028650
52355922
45116746
88285431
81286065
63942486
8940229
1066476
34382731
20816211
34598163
9084774
88686737
81215327
47183071
49893055
4764535
99447778
42605698
56081179
84585151
11090790
36099477
67226644
42344392
44972236
97331955
33538120
80528649
98749153
36328329
52812586
51666605
80690078
81355039
22405150
72803950
81764615
1552340
15473247
77118248
46249942
43934495
61476424
67058279
47220513
38321341
7904586
95514385
63931821
57400396
99512470
80876659
41662069
39556591
30858301
25674194
42346125
99176009
90250293
53383011
51801968
84104200
83937679
8421066
27576634
77361611
98046146
61396882
85214420
56710084
95649340
58019505
89772906
27271415
87886294
31336507
9291854
70323075
731515
32530489
79452227
42992105
9944254
70503107
69028867
51825690
27957241
50562643
41612647
44000655
11808778
53947558
21097284
75958007
39634208
55613109
50600712
38649092
10938718
99045068
9364852
48862034
78225047
78017917
84802450
31017248
76514376
63944835
73776935
83238560
43146350
24727892
23762873
76863968
49111050
50341718
33893636
96351606
3658235
48834616
96297923
20306794
63651153
67625569
8125441
32318925
33959020
35119480
82515521
30626120
20716592
39609833
27888522
76429175
31983897
85805684
36547158
13111122
18680904
85546918
48413981
25422431
62538775
32168932
51328614
16445444
32659872
77939226
55301667
59335964
97352036
13654980
36439457
44667413
2666374
77236080
65182286
6985690
81399264
70472206
9371345
68329685
73014208
73163307
45857948
44218342
19139624
78872134
19875426
33547165
44448966
31109190
43800377
98356623
9365213
65518936
94255051
75616158
86387081
71975282
22985254
35860556
68367472
98154472
48027415
35180551
18127853
6961794
25973408
14102648
21995110
2028449
49127562
81452445
44134120
27367545
35670554
473865
49993173
31383664
13582689
68759527
78320799
44854108
51943292
61111644
7726391
46805260
5093269
81527626
35170015
41827902
55497660
63928330
87454540
84252362
55550235
91429069
55278285
53647481
64697255
18341227
18077582
88044670
35977236
62555340
73010224
65631769
14729342
22786276
28497773
285456
9857413
1695410
56719913
44575263
16738247
18544240
53472258
75314391
69287994
44803926
4491821
49195634
72266687
96831470
41413777
11509478
5192716
93519362
50660952
59156147
40287780
69875132
90448500
67932632
28503528
17134356
74881182
95113525
84725980
47689165
93899209
45614901
72784628
6518080
77902880
78342304
59089604
99441015
25486319
5569810
21669200
89240439
27642471
94604074
68976363
79089562
5812870
87960938
71906473
76598802
53874557
36317417
29794633
18516174
57750812
48441216
16838418
94608234
25230936
83716827
49361967
10891948
35385066
98560727
83593096
93392247
85283316
2245595
34938542
32160303
95013255
53239432
88501058
18944213
52122389
66909984
43019323
10815224
98321020
99247577
10253440
61537686
66558139
2916883
75294975
96486167
33085260
4826551
94911584
89901167
24913998
38482557
52674061
98479056
48829028
19577930
79428035
71322529
87598517
17116978
89251457
34811399
86503169
48836898
28114773
81798400
23676047
66460653
27933704
11917399
33243139
19657250
68045925
2142165
21401469
57466816
70560155
43742758
16180039
56292142
18851546
62552060
32613986
22087996
74908292
70694842
86025081
57020874
19985559
39081313
51978475
22736943
76288647
6906884
94661936
60493749
4755331
73512070
71034308
53977170
39470176
2745265
21493910
2359352
14799922
81452969
20812115
95543107
63893319
69180510
52693433
72518876
38627913
72501103
5385373
5470483
43666019
69179228
40296567
26404644
65500530
14715969
63273512
39323045
64684138
8173311
83451081
65139910
60264975
56262196
21305204
14682687
60514988
18253981
49607039
72698258
54870710
59153779
46983045
71894497
18951244
78647244
72241649
22498090
48047947
90049672
46488529
24433460
5919648
73698794
46628108
70723137
23443171
14066850
73714295
29218134
1554493
77308787
12557613
54959531
73968203
88126196
26958791
65907425
157672
94001240
46501424
44590590
93085821
86670672
26853685
20533767
45817826
9561852
6966100
8530038
20348105
60392173
72813181
92800945
44758322
70390605
94792971
2557102
45832331
41442866
10720475
2472698
29183363
11650681
43927399
15545589
96584630
83414532
33676511
46033123
44857090
8953389
55001405
18447371
15751073
78005662
86965438
12276192
31073859
82614184
485519
51783950
52928930
251234
77593563
91498479
25040217
27432460
50970086
45201266
84009131
19949833
15361658
39332565
77899988
51871463
9974771
7958309
12850675
68970497
30536847
26450445
81975182
9316591
69614648
82668845
53634671
16297895
75846969
28209969
77123310
50033075
89230481
91387528
15659673
4696515
37114285
41899477
15338224
4801646
49185600
69821838
18201363
27842320
25662449
74861539
53363424
38123085
65987720
49569117
88672428
39464016
42156849
19181102
9979886
54275768
58139446
51678375
75876205
8793252
13274265
86506771
61982524
79053472
93197372
63871634
63551406
73597296
46051623
27503004
20306477
24627537
26773815
96093809
38950301
94354325
4886304
60424055
88145081
82348582
58813343
61223654
13502380
37415943
56191987
27800773
21344557
43056295
34887824
95720081
43046631
88039275
49992728
98066763
20177663
9072679
50474754
79727377
3938487
88668351
4432477
6639006
2705264
65629905
46180461
59078512
12834595
52665731
18651492
61560959
21848721
97145267
88583732
43398906
2906471
10449194
91863586
2854754
28944337
66302308
46467764
56042013
54485219
56987307
5946398
61435023
43691996
31046257
32608642
56896074
84629182
67423008
70487255
65773320
53799618
7803730
11162583
69621267
83140535
15716540
80110895
8609151
43170987
43245469
88820451
83641714
50190545
93759952
73729637
63956893
96611112
86440549
5133484
16557566
30838188
60884995
53825584
604757
939709
95077186
26356005
72667588
87413329
55014936
79013744
91553492
25726812
84083395
95979613
38187492
73442105
61139552
5986524
13684435
30550998
90611955
89295755
33863260
81828521
5355126
43747419
18623931
32744872
61530299
96723823
29342279
32657959
45075747
52716671
14284150
53126121
70822848
62797433
65555631
4688526
13696162
92426848
96881355
46949684
5971010
39490009
16083286
1928024
86654634
54291794
29785219
25866309
37209877
31792859
77249644
22860203
71759877
45679907
10347113
61186986
44695339
3812521
52686980
21360509
38250723
85358233
35549307
42506118
99522484
82211465
16565046
94452027
17156990
37745278
30520896
43542819
81815589
48430594
82853897
75482144
63631102
94702196
66066827
28905480
49719753
89992242
25971557
3617808
94126137
10196343
31695811
94097110
87299381
46679602
32718731
92649095
71801385
99292325
57922726
71462546
24258638
64637269
55488965
34131439
53393082
9488923
8378467
46913949
41670519
39340294
4168736
26953042
91717016
26077092
97082817
53544355
68767609
5192761
47940191
93576835
39357206
46548144
58041753
10969208
97496727
44431382
1399964
84057224
69735262
11213677
96495582
27158972
38295977
50370258
44707425
63631307
74180240
12547653
1889746
85511575
40361113
8754428
25012899
52396845
38592790
80178897
62456202
97288198
23397997
28550607
88528253
90397917
85670992
15597963
6390557
94591016
19604723
746894
74965683
49436791
2865953
9877575
98225230
63758603
80693631
41185840
5146828
94331332
79402966
68543916
16404913
28766917
10594984
73133239
38895370
45314159
58038642
24373589
61840291
14060840
37488301
70844897
19967619
38434629
90299020
97553224
67073129
46626672
63192005
37124682
5894360
95694302
59933246
15247327
65195888
64586926
58675230
18441117
84174972
74479330
59127890
64204967
27311753
47731970
27395869
39850871
90598645
51581402
25181404
27715851
20574341
41565669
43833557
9809584
84605842
33362235
72359921
47534798
6246220
75076095
32979384
90695306
18330848
65824342
62165312
30561105
94043988
79297377
93756548
20783830
76524976
81876609
89157432
12174238
51450009
63671799
55543097
25062136
31544874
22731149
59994523
56264298
54385985
87602342
9142742
29638268
50233654
21376202
12378231
67028685
31343552
35623172
47203190
7336470
99893795
63828115
51669657
18545814
57300412
26387213
90825099
36426190
64706523
50864302
67851414
65044413
7447140
10673040
97686550
3887572
49059029
1862776
91707824
82992793
65745229
8255556
40693677
30075799
72348371
11164747
80899769
82566760
60748397
76784137
60865661
47643049
43086024
52626545
58099439
60108633
86477983
83700618
76100428
3502693
14044450
10871885
19594392
62487564
20665896
57461707
96320134
85995951
56177952
80090770
47686688
9066547
16889884
75284075
21730986
84393675
77895677
17049789
99231337
86933844
59770390
24454502
34675184
17889889
97800670
83226896
50961209
75734557
93452574
99880836
35712475
95258194
28869636
2337087
6791180
70426021
1183974
57468817
17463612
44714568
64040165
18320536
90352923
55376232
5716736
53784016
44167371
94490072
90967915
59236399
97098727
55731436
37641068
84655928
39871081
49377973
99156713
67371723
9405496
34620636
88817219
20501516
80698671
74453007
49657936
94635359
85487242
74750485
24541366
93063758
89978407
25718133
17573385
4859146
1484889
75228233
25732972
53183119
66384540
50369412
41407810
38454799
69830985
97774004
95045363
53149974
95013495
43785746
45547201
13840146
57550519
62127576
75773006
30234044
1344919
73989298
20955777
75322073
32396629
49801662
43599749
82349905
64005941
67600941
42050106
18227436
5491686
29611364
88399535
37923367
11217268
82695004
69318698
31376549
94303432
54334827
26174765
70247110
40030065
97569197
24000229
36382650
99001607
69079215
71709748
30544027
35047872
45506542
64533733
12325174
16572610
71761747
18457535
57411379
58500315
798231
85417015
49592138
18910266
6486050
7024064
56724153
5820746
46749653
70149919
90826659
97673928
18181079
35792877
50704906
91749335
98001214
26050027
65277542
22186907
77405887
23983730
44264678
64643408
40298774
66939270
48394654
90813609
737141
68221675
66443115
17043330
12489925
94505890
31721273
12018086
60462442
73135400
68692432
83056966
42203555
16763548
26702854
51965825
37633304
38936789
8035039
2708883
25260228
35237120
68911755
90900070
69865293
71310142
9141173
68181390
95886079
635042
86990039
26534003
95615435
8552269
97482733
45446715
51552479
98732990
75241957
39241809
86384329
528029
99678815
83340453
10262133
14502910
32959862
82050075
32118765
52748304
48763257
11290597
29228149
60392415
40570723
97999536
34423086
7423948
91609122
1807212
98499711
89693312
31245968
87826844
86939809
72355246
7151003
62940033
85710356
41535496
63950610
8757094
31972892
17830292
10542633
30839934
50741241
94351010
96534963
63555937
58502658
11889849
1739620
39479291
68427210
11821246
68621942
83667843
47806951
49893695
43958549
63511121
80012838
60366991
53347814
34274281
38883913
28989772
39651422
60079002
16350176
49490408
14719680
13257926
19461065
40425399
46470900
61713110
2308693
75677996
14187022
75577841
54235134
71950318
35096078
70117459
99426709
11730321
15178441
54235217
67684551
62815967
7102598
34106566
93725961
67684316
43190720
7894060
37617967
77131433
28965020
61854280
5919746
65200971
67047061
86845882
43833046
68631994
40086361
47871833
74332162
13042701
82390655
8840424
18241020
12680469
7561867
69618035
41659606
71502996
34370581
15254685
90736131
1100259
46876295
55447230
43079141
67282557
51754405
60844916
51833962
84711872
15891857
84970240
1086297
71010062
97905258
53371758
73590697
96305355
72851167
59980272
63299314
61745949
23547320
95547653
2852182
74238597
89732154
32521670
78595138
92530687
78768921
83544468
82797764
4300882
94534022
26482947
22902002
14254812
69260869
48898677
19704173
2312442
94735443
7474349
83273190
32004983
89941408
219005
67605620
18768252
28784502
11510783
56799318
38056603
95295160
8011160
61312041
75681992
28257593
84665325
96552136
27248940
78305065
24855123
57551292
27209664
47799271
53312766
69765688
47287084
83207841
12632088
48678598
45918227
4049758
63080511
75726927
16089967
28927351
62191060
74591672
44153103
10012769
6358177
93003450
59394604
69746559
21447410
72659273
92710975
45737052
15788723
73739448
91335242
64624006
29544693
57192780
1553246
57259359
65803906
68644336
68212885
47388044
3596236
76095585
30470586
75571571
93379092
8056255
45377895
28880543
38513093
90836402
60204952
536304
53379076
90432321
59984744
68432811
46048582
35391938
44694117
68757464
90287898
9776819
61073870
73831165
70723604
7296926
87519939
6754022
83240534
24782196
37267068
84416222
24613040
49898976
64511581
52157806
51247667
10437166
2818224
29058473
40798096
49478498
8654936
30793401
45612012
48264274
37103129
64837686
70349289
75733020
12083435
95967670
43837725
1046314
23744967
86728283
55724806
28774973
17856082
44728740
68711257
25204906
9764643
92999869
50396714
84719987
99871842
34791724
7076813
28154049
18973912
32328011
51389140
33506064
40511347
97722015
12310784
61060053
62308025
7637409
88321146
955235
88729241
37575816
63106308
20380839
44672189
97208343
9760053
831854
7992399
90299354
29876572
30833636
26459108
4005715
15470127
62247077
6012647
13780397
23299476
88247427
60447158
47418876
39651417
42170759
26316067
60393637
36417462
82218144
72990461
90281420
56340212
74703985
90158681
29351857
37365164
41181377
61006457
92061815
52239372
16107281
33043944
37221226
31097095
35221027
65555038
64795849
61761470
99347023
93871830
54100847
1118022
9101546
13602803
38524476
55836557
43470919
56425676
84194243
37510078
53552169
95829340
10482661
99910253
73334209
39666408
1552198
24526574
16621436
75831402
31690914
40004328
86415520
48237157
91606963
33022630
76182027
44632906
97999954
17896669
75110083
74632907
61487895
32511260
76588459
10973435
94031278
10767400
19930391
38764248
82381504
64596440
38359968
43740905
91116842
68440858
45423493
24404957
40180042
25059829
5309821
61037685
63420085
7412202
23700672
84172918
31935295
22479720
16995919
86432820
99797152
4970766
60285364
40592
39217038
56474185
20052141
83113453
82052221
67646679
8917011
99231433
46822695
61365070
16353422
8582549
85770208
42204753
24227591
89970843
35144913
65632657
88567087
43257329
34389760
62570387
97269315
68143381
84145625
29968023
38887924
61286773
95656273
48475175
29254846
2501188
70973324
66143840
28299125
71300930
16658646
16748013
30519773
96782505
42689473
89375481
65257920
18721933
9688132
38548178
38029365
16994669
76094119
152745
37461193
95732496
34286068
74018433
18783359
45342942
96046528
94512285
84559167
77741787
14362543
70662979
70391844
89380691
13441424
17582015
33993946
86833303
57980883
56427580
26123094
52197640
99847139
29004545
84940839
35521199
61050103
9809575
65615699
15141909
11141911
54071499
94258904
83378805
94790294
59116791
80069208
59515368
17338729
80455191
24310695
12873095
57872864
99946244
6432802
85862859
50023291
8409585
99567406
42185013
49750483
35642231
23911990
6008672
12461099
38131296
69531890
51234913
18858896
82199014
23477380
57268730
17140595
25460413
6923301
85000012
97508417
58422747
64985434
92725397
49325017
20652795
97919583
36184398
47885622
63810634
19232216
96386471
3965710
38639150
19180491
1722451
89477532
88204500
49180927
21691364
31406083
63592951
34920064
97387521
17610970
44511921
43289101
60867270
66694941
55694366
48994951
22666850
50977809
17578106
99104793
58287902
83654619
61025833
5611635
21192372
94033376
72461412
17957822
38181275
44186823
67327255
45967131
97645279
69720258
80959500
2077570
11229611
71323124
39928587
81436521
73802002
40245392
93994009
62032681
70945381
51671531
67607976
64755872
74555778
78530841
79623901
86585986
86431957
60955939
99091516
78468628
6362372
20307920
30839617
97006419
96022650
47941275
72130106
27374727
17100928
90276261
98565668
23066121
24918376
46156561
19090442
67925804
18094417
49094079
21373794
22696114
14747936
97997527
58879235
81583340
25610532
36672861
14044923
33444299
8023451
2077681
35664160
43084870
41268070
81934521
21821857
29823777
31103681
39061843
87622139
69372899
53859901
6396776
89392938
15391451
4644253
47381299
19490695
35719048
60791771
67352519
9272531
94561198
57812984
98378844
59766056
70317817
52088122
42620287
23767451
82202616
18682860
69881734
11107058
19692321
16607396
15018724
1724046
89268851
75006002
87568560
66008439
1494869
74167071
98463560
81571109
51046028
40438425
9858691
22837212
86829709
12750773
73925713
21200120
62819897
51598568
4991628
37740687
25882019
11719053
17586842
516603
24029836
61233155
59649359
30864691
57470923
7884096
95065331
77717668
41476134
12889125
99141302
67171140
92266020
42212700
80816800
12684443
33544315
58457457
71073170
45996725
176655
69837232
5670564
58102850
67673876
24479601
38860590
95364862
16793538
91374133
12156410
70979382
64945889
1633879
82762545
59242498
97973758
87453018
85722627
60697563
73366209
47697226
17113646
74464251
51001802
80872350
84321210
59544646
97487484
95433391
68532129
20327954
75992009
40235483
28939816
4230864
93158087
26718269
82243478
46226594
22646731
28186143
48093262
62472955
15947028
51902322
84788139
26741513
60588647
98056286
50945500
92371783
4072790
5205831
57131568
27403985
91251221
61846337
55008785
16145642
53846434
36181121
79771381
33080503
49071342
52804848
22835234
59664715
58521643
70068214
55731194
9978210
84632724
23137209
43769484
48100029
66040383
12856986
61702405
41892627
50202567
90427584
68398971
5442470
66895410
67246421
49743569
73139874
78046188
44186505
84217124
30649892
60545690
50804330
73195062
5416985
49630617
7410953
73913375
22404231
42817164
68218252
67007425
68071472
3931951
24344140
70855355
52404922
8728496
8994838
52251956
81056479
73380306
69629206
71809907
74791580
5969858
59534809
67859183
34093372
87961156
67991826
9978536
95853526
96644514
69673601
96898613
18472439
75887074
10394512
96468230
50550603
90744855
698641
84693324
95075584
46297523
89404310
51769876
66924242
55558936
66182007
55618446
53569271
51297167
83090076
61472739
75726913
89516312
12576683
53484679
46361094
39567933
99798347
12543634
2482147
86449510
50619465
96834348
34601179
52257279
49298520
17349130
87796925
38171682
47639266
3448111
87810503
27353872
2494788
15398972
67291005
44298286
84702990
53551549
34494130
56388363
21683572
98978380
8936323
65566149
42645280
86740884
17511237
78885098
775439
85217179
43811577
40728781
19272624
47846936
3179521
83481979
21507788
43898102
7400715
90522947
73925330
27183531
93914478
52869929
58915701
8729090
57243582
26452409
69081593
14397961
46843470
31881009
37219240
25105048
57231922
60558012
20010428
16654445
34111937
49688620
80315183
58034309
33311182
30447963
74736525
86476537
78538097
59115547
73033634
24332774
68119858
25212927
47016892
19376425
89221668
5685271
11373546
5932671
28715076
39503080
27110053
47507347
91623557
51569608
27065785
34710918
22673582
44539546
45010583
83868728
85540283
8193850
80623418
26320677
18372992
22063997
86630524
36758541
26661233
51446187
44446252
54082697
87368773
42268052
86032440
4504488
32592900
68909229
39120174
3797445
64504977
99870976
14222320
3718927
56898269
17757443
6473463
34826203
31237573
9553229
86279229
38663141
83453938
22557713
31674884
55474022
41641995
53005923
33406774
3977995
77643749
74445053
28994620
75849218
45104461
21324966
88082758
48693379
77455908
98159220
79797531
60037851
89067892
48606430
7460681
53886286
84607484
33136690
84152111
59179176
5220970
48385535
51569153
75338983
16187228
81619672
4314648
1906889
49022650
41891647
73734695
4720783
37453088
56858630
85466166
57931534
2325810
70765627
86473619
41976826
14339098
32360408
16474450
80241643
1211384
7136465
54420937
96447689
62660764
35671059
18926118
76900664
61096987
32405870
42824436
56847333
41497277
9485470
71908917
71966520
22482186
48096856
17440627
13087259
12337077
59111489
8734225
67619048
7628128
41726917
3644461
52435944
53144927
35132335
46127192
42792662
83613874
4786491
28922152
5319725
71177198
37212617
51343274
78606088
68244998
88455117
17222021
88001796
13356789
8661010
39850794
33849894
32748204
31086840
11797305
88906865
5652168
43466953
95218941
71773644
1972157
11889920
77777024
72891867
34686206
29115659
68201386
76488104
92448061
45218695
41260033
92330245
23556399
91476480
1622654
90407252
76981309
49413166
98823565
5685611
33873326
42360703
70247999
48481065
22508002
65120446
97810866
52181179
30433244
37034694
50169053
29596012
93354413
33988865
56951867
35057085
91716287
12201231
18957456
97152046
97575233
58320510
38706143
72653769
90581600
7473628
36266107
45837546
65537489
51376349
20293368
96599422
30690401
88500666
83158861
87811362
95734769
89920489
98943509
68211002
3523667
59413697
29445260
93973377
93188053
24207492
954878
47179004
23008409
93518312
3949742
32085105
6832918
11517789
1347426
48792387
5568027
99743966
75117143
93081166
98859259
16605864
36735570
99511780
85649593
17167054
28977827
19782965
7817257
92309111
73346045
13524036
76505516
42634717
52621700
53576384
77803982
1508397
6921081
22322000
46040882
28092041
13751039
43269059
22424337
11986913
52775562
27308072
77990047
97508750
14915756
84642683
29803031
77986753
58194087
75906481
34975863
95028234
28921368
93059678
37435183
3929731
5478351
47926208
91006487
77031609
16118074
14764633
24495792
3076598
60694101
64484036
7706472
96917380
76063297
85425728
68204163
63134767
39269250
60496866
56363314
86001198
39338290
76076402
85333451
94499052
67831667
86922737
23066329
89310309
61653350
32401612
69459086
57557988
39227020
33678837
50529203
49521387
19534844
25315713
20990746
92164586
42792820
97660202
50475642
9919958
50057759
41104519
62454238
28707777
5959485
34330879
19878819
7705401
97214192
54575660
43197717
2590506
96046449
53872135
24992390
88833444
18434828
38433676
57204878
58488862
87279976
5334420
2597178
27178956
41213846
58009999
72198161
76691511
48540153
74603747
11843138
32737294
38403311
57291476
28938435
37381010
3026332
28677457
94575572
51535742
70899175
47606430
98674923
32582577
87412650
91555161
90839227
61584399
8736251
79524095
51964985
54799501
29551365
51056692
96571217
68835427
75674252
89339928
60032130
37008973
29455828
89472312
15093688
11914932
3956850
99479210
56592061
78187132
43976078
20912121
47620118
2624378
62104777
71491536
4829378
66176360
76748894
96254581
22641270
84801243
91796567
25029108
18631147
9955763
79388100
61681676
62087032
79368543
32235944
30476873
78227532
64547369
87245406
72299332
86466116
5153419
96988830
69666408
44974837
5826523
87732801
61664940
10482804
10930866
22089226
60628680
40441995
66636170
72743525
57743519
54474833
78712887
79101154
17044650
7502656
29762733
42798024
94858772
3541521
73796356
62488805
27658035
30213259
61076783
4360955
55369586
45415702
89428758
58122138
44368467
22024652
98072865
77701514
30895116
70605218
56856433
5767133
52837199
11284521
39663863
51872011
32589092
19833099
56392294
15860831
92726793
31105393
13186362
43010573
56524983
81581706
89123240
87158574
77225746
48486111
65584984
26599395
15181358
54374192
80561019
90648829
4235158
56408699
17665947
26431848
4532525
96917696
63542529
66080216
5796525
11315813
17236020
18436078
9766638
88237535
60742448
70529024
24444107
49566344
62991080
38304877
16923723
31348501
51910390
48085046
67466164
31671359
16769813
74341043
63188958
30817024
77302172
54613977
39547904
59127860
17712601
74649787
99594657
36220591
95237969
93387286
21976197
49065622
30973064
52393769
62848769
58312360
45685206
68763100
46725353
56370352
69216311
79378906
90389713
17497974
47124590
17683762
27140014
75259563
40493139
90654165
48560787
83598040
52012371
16246007
92866898
43300558
44012868
36823381
623579
54596747
46893074
28690588
75215880
16917546
56549242
72141517
60911010
23809666
84552826
2832703
76897384
90265902
79255176
56390552
80837811
7155707
34043587
96973685
99745124
34142224
64364572
92868476
32657954
93636822
78892742
20595450
56547791
23803958
81505635
52593920
51347702
56518692
24573898
22499564
10147170
94771817
28996477
88051110
92932308
19743910
22462967
50742826
78003491
71541595
78148661
65517956
24880061
16763794
16494392
85243695
17363570
77804918
75958572
53883588
70028345
55255381
39315098
19834092
74083030
40434943
49547727
4594688
76111804
78325072
53542876
75576802
23647253
80752403
34258807
23974013
6343608
42208419
94567637
87283463
31568683
237456
87039044
26356310
14290973
48589423
72490740
16941352
80723338
31004043
1778408
93214881
17085433
13047457
49791904
496886
6214893
43329643
60328862
42927122
608110
14017325
86477307
55026161
2735240
25073916
23694102
13080628
27927846
4313002
17367690
61720865
81592870
81903950
86568913
94418580
79378989
23582364
425384
50879159
11807601
37402475
40042113
79308352
94860083
10666792
17136174
62853783
26018270
44372307
96533050
69054481
20601378
83631180
26307275
68619369
60940677
81612577
13139767
27455871
71503975
42015140
81745584
32711335
62173671
29788425
45253614
65911893
96831972
98475602
81098339
92494515
69925777
95492627
60997353
20557051
20130771
4259849
99159464
86337254
92344115
87569916
86979833
86411715
3876455
5326233
89370876
89076257
25348210
39639387
93068367
94900260
93766475
60291515
8064166
79337734
53197145
67601332
42942005
19415772
29313967
66838693
84864234
9440454
86771744
85973454
4689539
15701425
95873202
87947482
79548817
10438865
74589538
52871438
33132123
17725981
70122733
89535708
50618972
35077910
63733690
96883646
37707258
18710218
97645216
23321527
76672048
8392479
1322662
52879845
44064512
921436
57702598
79694238
98392440
78311187
20152247
3565622
44461138
65924192
52416857
29631704
98227966
85040781
62586431
85515075
34533248
6121499
3551441
12206
11768464
78610409
18222931
99460827
63294704
61163603
86541249
36628524
49047232
74647839
1453231
43434452
84292797
71830310
40067026
32922489
76994526
10885950
19283680
50548067
13880847
46147786
29004862
5324954
15521714
69294228
99878345
18463792
67577439
95402147
83089793
19099761
60455817
81407037
5411343
79081455
23259395
97322062
11116829
1031966
47343980
82199572
88730065
69695089
29458260
67727424
64727995
2806117
79115274
892202
30081952
55474520
4715015
98475642
18935196
99250365
62980408
18416009
30489934
470591
60966182
93612302
37213600
23785564
92296146
43761213
61495697
39146000
77249073
45496806
98654235
37706539
46561824
15430278
78962404
39314438
98257240
67550821
29379612
17405207
96284208
1818594
57643540
52911669
47699913
68646277
7744724
7442123
11690618
27926961
94608947
32931819
55501206
25392473
8691396
82590658
7549774
60631365
66253023
69657718
79619520
73924887
36101278
88208087
69365575
57526435
47575877
19715116
7680056
62353412
55921417
78293270
18648088
36047962
25923710
53207715
17625269
66431804
58159494
77515062
91694869
57410839
5036692
26365176
94725593
47297588
46900455
29316082
62553318
74997104
18040266
37040173
75911284
99211887
81697486
28305231
89383636
48262236
73653283
11846998
29664153
8734073
17329571
3815157
91087601
49748393
83333512
4222731
86074076
68209451
63703807
48959283
75487405
39449522
13203989
77548549
86547206
4949643
69657711
69616831
21113798
56778638
71749186
9668786
94565898
3696885
19797940
66201534
71560503
63511902
4757256
60779725
46415027
83850011
15639585
17274034
63023887
91049662
69899549
38299875
59114693
56244766
55463669
38533904
6738296
35394122
84075048
34710748
63649032
66679902
91107227
57391119
28055216
12275995
30928220
43150713
64180670
86729056
3814527
33859840
91583211
46899798
34041752
58293615
14673136
23222741
30373812
76126971
72790287
24177167
15860655
59432677
43266298
83163208
36160534
55409431
53484772
7042948
98418847
93944451
7298990
84832228
80405135
30357159
15271523
34143374
33074158
72319210
35443041
60708111
96389399
77638110
97397111
29460017
5281633
18997524
90403490
62593881
39503284
65374614
99025155
81144073
51228789
53836815
37497957
24775666
95906495
39237500
30159630
3218354
99277037
40241287
17146003
92872981
65367541
10246136
73215659
19075324
68555232
70738084
31613546
76623118
36260572
80041040
78852008
4934702
43629004
68214759
37800095
98080539
56617871
4812911
74321801
36561809
89500564
91352927
91943252
20935840
99114627
24684982
14745117
68900692
52229119
57238666
31645335
56268637
60896197
19710981
52589542
62333300
56162556
17279576
42244106
4734694
63059004
31010522
23626670
11260757
46555982
309630
5170761
11089058
18887300
40671944
10534720
11535937
45163970
7267795
27662192
62162529
6020622
188505
10417463
14305434
89069995
74796486
1746236
4632074
37836995
86251058
20085346
91221712
18678574
53624091
88551502
40491695
77441556
32947654
48305478
3789965
1600709
69077686
80254249
17534105
6784319
92646814
77444505
97234350
25030692
54373149
39437444
92899536
20222908
94103772
89003319
90223843
53220184
34003855
14903272
24960662
45261113
32777771
63744602
19030523
5501606
35599473
95797017
48504779
37896467
65224051
64504778
64272955
89745715
10962530
47653064
31994162
46430968
88421651
44094562
64299133
35203987
57728518
46806727
20956946
76709315
62260045
65623776
38395606
7602480
80557384
36637470
5653197
71455978
9495875
78570435
38652465
94266089
96718713
97565337
2408487
97757873
77183927
34584982
39174368
91235601
75750044
68586305
52234441
73570281
85339602
15976187
39239000
18273089
24428711
23812610
44837998
35385567
39207471
7225369
86728786
49010106
51709754
70439637
65195173
25919796
66294496
76159983
10566978
15014306
57418801
12538679
36686700
70975540
86451874
25113250
40432303
19966115
13480101
80911511
47231234
30461538
2547972
48907804
37549394
53669886
98361777
51491546
5950500
66946258
25608053
37130111
31516293
77843232
1345343
60859652
66261621
18074295
89749654
90051209
98631175
49138709
52089925
70734297
68751175
58773132
57319718
99943431
17023728
13999241
33845034
89656959
92221574
72420852
45134130
90090619
88959998
19512401
27820537
35908577
73187715
88892370
50998392
95445057
81230383
8635385
87815300
42603003
19413560
51611840
56532306
75966508
14313095
47527480
30441970
43065431
33100339
85760438
57543316
97719295
14515807
6380525
68223644
14212162
52002206
65663078
38317009
45169635
20495557
91068103
17194015
9705677
95733639
80707926
16954356
87082084
81798907
88275043
90345673
68187522
61977263
48229110
74120606
11494014
47728225
99639791
83128277
73411272
28291714
97204451
75751411
8789818
54581857
94389413
19643619
19117376
87753219
17252603
97376515
45485568
59496784
86681364
20727850
17943561
77317802
6681597
2723312
96666348
77509495
60000318
37953362
20536300
13292029
5317994
33827575
3850763
46513148
91291506
15510669
36681569
5117390
63502867
89802942
39337440
64340599
26258967
30025778
73052811
85834769
97927760
67355112
78903268
54646911
18675002
30078948
13814229
98420437
77549018
7002667
34359637
69838876
37379779
52023055
98610751
79386181
83625109
52056411
2192596
34833939
35362961
10613839
38479345
92543436
63629679
53795285
66332016
21027371
39048358
60979682
56456873
69616849
20559141
35814667
80973305
5351718
91013500
61401071
21713086
61770728
17349873
16756572
75624247
23929078
24453879
34316653
93906576
40894479
21546652
52485894
87290095
60091609
76592206
87226387
82657539
60914460
35024583
85640596
62315523
56598016
86836625
25457769
73002280
61904114
84577711
20901709
4353808
58688459
79053277
39386056
21705643
6949074
2029313
11387360
51148082
8519311
95507249
36650506
85755889
90080991
78907628
21352696
29065461
99865442
24967502
9947281
54704672
42572543
66212405
90398373
45160346
64987909
80692639
93626743
99819941
43134928
98117971
89036835
46212415
77007202
890317
54018711
36763097
68381377
20632716
16711738
52046120
44928212
73214451
69896889
27653725
53474005
12880858
53189239
2210604
22791902
9656136
21302039
33895062
21587225
3223205
33803105
80921413
77397001
45102336
14432805
2486697
32132575
89442887
35258927
55261137
94180125
37833543
40574509
50484100
57206263
84928642
34137621
5062721
68248623
73585618
14857164
91144004
48965847
91983033
15119274
18056492
31717232
48741849
56178578
79774519
9412548
91630535
52222965
72130727
69903806
43500847
15901120
3986019
7092536
35909854
58658114
62359224
36101425
31199994
45338927
6998709
66478702
54330359
2763562
75239219
71520711
58552450
51805151
36195313
16719078
45982597
43052838
77882265
63381503
8702036
26338741
56977682
18680260
32880404
71128749
62849758
72775970
36983602
11532029
68196688
84878237
62350042
80161714
9019146
36322823
74626849
54849136
98691981
35234256
31163894
86654579
90349883
15260068
96161504
62395293
15535970
3349290
33541579
16360564
42255739
93477501
47996572
39970428
19313095
2936906
97750846
27166901
41949596
79141851
54115373
58903523
43385396
70630430
12542996
56654402
78903002
90839610
57259357
83687268
17578894
89408908
64041581
29275745
33168257
76054869
77561393
85045652
99177615
59264111
17508523
13866144
50873189
49910941
50837089
65416550
38184746
82732980
10183809
44162249
6568285
67953980
41607234
59173528
33669632
48672569
72983135
22765542
30922145
95899102
40725877
3196447
99521821
72013958
30782083
72646812
56750558
75087221
6044790
1259028
42482941
43305769
7411209
14195425
82322283
69591437
3989879
28063801
580163
11975745
38110325
2982874
91831972
14934240
71182246
16846389
35351639
72361796
73348835
94375183
76756695
30410954
30312221
49932494
29468577
81232830
78858012
39885926
75604123
55355070
56936309
78158524
17623555
35780625
81852217
17630831
67703664
15792709
8763935
70918224
22718632
39948346
62921208
4101175
33898082
67863978
76184092
53264035
6699541
98031449
63084168
67092425
84307521
93378823
97135923
67249651
66964995
87791001
21344394
96533103
85893348
97115067
5332003
12070601
4785151
95840693
4735691
5282826
44465068
92677820
65564325
71067762
39089682
32770770
66520565
73756495
44687520
69012222
69676719
49195594
1287377
13381719
82422616
65970632
64419316
2413979
19072896
69450926
18574993
59999650
12666284
67380456
43457549
49597218
57020117
73973251
97118307
95837235
88994376
89313834
58654425
69069502
36460422
37276063
10816948
14922323
23140561
66961558
40253765
35766609
33581775
85092688
34381955
9009886
20660731
90020923
16990675
57772170
61868424
7441830
92870388
68644538
22113869
16507036
51967149
77636606
12316479
20805075
35312571
30180847
6362537
54346278
50712437
80757232
74842295
1766942
69820188
99527870
36108081
9533855
38629144
90024218
83307914
35378693
21271013
49028279
2273072
27820919
65700944
85657459
56300914
10129484
994529
76889761
85359607
73622759
46586479
24524041
33832352
17687128
34110570
79340538
34650463
50841781
65586874
55719396
30172782
12538636
2931714
82908216
49180914
23076313
8003867
37811665
76199323
37887407
48511975
46888368
55784599
37330467
89621895
14346553
89077198
27479601
22730596
27153012
91179073
98455268
82599924
13891305
44124680
84191182
52016340
45272705
97787920
58583576
29022218
85059565
36558206
73477383
3420148
65903542
61281075
73084611
59137700
21196196
36949713
92694283
15539430
13225905
48002815
58442041
12117217
60495753
26038602
57983111
75907033
6819507
46144071
89421326
41294231
57501142
42938970
12542729
48302668
3670922
56399197
11135073
44571781
93609998
6901596
26801788
47422969
62701244
4204994
51206401
85801691
96972859
72811768
24847254
44868560
20467747
35002303
75868366
81246989
35341504
85910727
84825799
31360023
38032595
23538626
51574665
20439908
70077067
46646045
59868231
58773768
10206684
82366067
41714055
3307214
7908622
63472937
40094123
85651673
17173083
48046858
40923140
31992329
50124068
30159644
59484765
82796590
35904420
3451733
65372520
12095953
50156684
25367883
68287344
81390563
65271074
98101160
89509159
74136367
62101978
896132
31799012
49025498
62532911
94505997
45155792
69631115
55816133
17116784
3202368
92151767
62179967
77213057
70913560
10460186
29262759
70771718
71470743
41983359
29243821
95564940
52768039
92537301
45185339
28786476
17906253
68474452
38586778
9182218
31967618
5680674
80348446
96042590
78816983
42383832
53757426
25932452
224859
49320996
11393701
385011
50715398
10434233
52804276
21104340
62564963
9916159
47029120
16103117
13902361
27215602
87736632
42459542
38226951
39091308
25418864
59382847
98033931
67193128
96730552
33091798
80132726
16791242
92989523
65838807
920
65766282
61551388
41551381
36556734
91827395
42597967
37063937
48848687
68565181
21325477
54188933
47266415
64018437
24946898
45778377
65341094
46886975
73648696
95421084
48909914
98324492
97775127
26512255
55354411
68927375
90670752
73330171
1069569
78562657
19287515
67873944
25377413
67090296
42735993
51523673
21763348
97489205
30695867
2360461
3820918
6836617
86732864
58293466
14907951
38502156
20186180
23585987
58990362
75090816
11684592
16331995
84198432
60944118
39056841
19423687
66823462
97412042
51256206
62862360
84738336
25163265
23695364
39168537
58884511
40919111
95211
36229762
48782407
32661048
52107567
95240964
76756488
62909359
17100839
66537151
9117626
72829230
41258901
35805804
71283457
51590143
21675849
99186081
44473606
40049076
76840995
70546685
64610052
49358660
44589633
18004922
15783590
24632480
70311076
8857859
98340974
49160443
84696143
75466838
62895776
13921916
15139118
68433850
13290578
51348505
79351011
88163346
4503378
59206041
48253791
61637085
10930566
89719141
78572891
99275316
59036359
39765461
39461333
50539071
81539843
49653806
25268370
49214072
46991785
19397264
14399581
48880503
18168724
39031117
35243466
60110871
95469923
33645787
11544704
59516678
96588900
20920223
11791171
77530084
64342300
2646683
81840184
33270332
79495163
62499192
4209551
64689492
35799344
41761047
95667099
16468166
70768701
44234183
70912031
63541143
24820974
11927965
17824443
22893829
5929504
15799013
11514640
50306140
41491326
14141602
12079266
78715359
92949791
48122717
86981984
82600433
58567464
85083716
82576692
97802160
64852675
18198024
43429283
8189669
8065679
90341950
3409876
77351210
29297088
30077231
61508927
1608147
84438713
55962650
77557358
666151
95457425
22362022
58794231
37437418
43575847
20169269
51700934
86329802
17127921
85091172
6179224
4015446
93833375
92495985
30271080
65962936
67543871
92568526
80502768
85139441
51990748
81921598
54121921
42354819
37056035
93319890
94562335
90811032
16199001
48661878
79083294
8367480
98769394
86155582
47021025
48338885
60201567
59163291
41328149
73019078
67046850
69425237
26579650
28748812
5053631
12672658
69953472
40099147
89749146
64414798
80907851
54347432
74899263
75278830
20659343
98825216
79645926
282291
7763498
961925
79403225
13865785
81544975
50141637
24578314
99244449
98593731
61855567
45230820
29631315
52148756
24633560
95731018
60285391
95703741
39901563
64783618
82278046
5233703
33722936
86415359
58670722
86242181
62533589
56645334
62640010
30361121
16982129
10734232
59477487
27786712
65950969
63429876
57109291
69629869
12786752
30252002
14638334
98505284
70186910
88705482
874711
99904011
12567053
61323437
53347372
55350268
57128794
6113157
41439533
85162902
31675255
47974611
94180222
29360189
34039806
6610161
51984661
42736909
85912182
64214261
9395449
50470184
62828858
99744051
70182241
54812943
47647748
31311046
14078895
9514242
36302429
51354892
52628017
23894558
49060715
14312141
86162042
72406017
47421436
87762165
20048188
96341896
5631320
74749793
32274199
16114842
85032774
95385467
71352241
99221661
36063844
15271835
37576117
77614977
46840639
31214350
21582533
92572262
49749671
64780042
81907044
60202614
43148957
57127919
7246716
3949727
60164901
1335827
1136132
84754488
87798532
17337421
20588016
11414965
78097372
92469172
96298505
98336392
23335881
30517972
56937338
80928282
55608039
49465532
11151029
24239957
82907503
54052479
45870539
19149201
82333393
91153253
84005487
90549682
14452089
27208323
96714783
20137258
21778577
96595152
47882568
16034900
39701754
79717432
21202717
15384783
90214734
65365685
85112717
45947206
35988147
4893171
15608602
20571875
81465126
80656848
53086442
14751163
7704898
61387808
77980840
31944947
22990112
25185478
59276616
32064732
17954540
80715517
76739785
72544574
87286899
74843191
50663182
80609501
65286088
37150770
51310218
86779395
58373039
29063223
46752743
891173
38996030
75423380
13061150
76904518
86611344
35321843
30008135
44360440
43416019
36139688
3731852
42924188
1741728
36904109
8854614
86595904
31418092
22988625
33490290
17090546
49254083
16842869
59495290
82812988
45193733
98425763
21326325
50965778
13851815
60696049
24840048
88780819
60256274
26562709
48885733
71846465
57143166
5765527
99218348
53251886
47433669
77488095
70370209
92357804
32034343
85369591
48962457
60322690
86675847
68895339
96589118
1668412
37545016
65476502
12707733
76468595
19686894
24096788
44861087
14236014
71992430
90597550
95005259
25961084
72027995
80493546
96732833
45760235
83144345
29519875
16636525
47465295
83621059
86163027
6701839
42521952
63023099
46020385
94915219
79901616
83424783
58420914
8437919
86098039
79220891
47391892
86245305
7060404
59076804
39840450
90677656
75678485
17401704
87327981
48709341
92908221
20833800
46382886
56834827
640102
58824967
6244851
5066176
56819515
39370928
12048603
98108776
89006861
51916645
85815605
43847826
33839331
94940712
40826396
37094324
50109007
13416026
79667731
71466477
81049969
72617404
56658318
80722951
85061676
76364086
64210357
63661031
22901039
18320702
52596427
78183275
63848957
87051875
94563677
42245672
59019046
65551483
15931689
41609457
41537356
35511068
70848275
45667165
99150668
80328320
31396670
57162639
35775922
42523423
98944649
36425686
82186040
82268346
72605083
94238470
33947469
64376280
80810916
18134781
25352448
88234643
83206251
53270917
12533269
73409878
10267334
31722827
94239493
75513254
60974516
50120823
84738835
99514276
2081404
93540261
15168100
15721607
16882674
25190284
46244612
91240134
60658678
83339315
5519136
60119811
55347553
50339309
73667325
82616748
31549692
26488471
89207263
13737971
89879104
20789497
41962717
16682651
95298932
28777579
84845178
19716821
66156074
53916295
26828982
38761576
23667870
46483388
42068144
4657705
71752645
28187612
2168949
75333265
93789015
68995466
50358111
26004441
40087586
32697189
65889963
87601040
68668926
72400239
80516350
78482695
46673918
43266285
63193293
66681383
28453762
16885501
94516787
22588440
99984173
57772040
82460325
85438923
36555895
76847755
33784569
80576393
10395232
66108833
66177560
91651332
20497903
81782148
76621249
13009009
88406338
77677944
73397454
81199215
62091279
53187088
46221464
42972892
25550849
76809793
26173728
55497492
7237416
82222911
80214917
88619468
3718362
93566333
21595034
40802965
44250350
55571751
97729423
32116769
36798732
86913900
46443437
55985381
55120420
27825042
16927841
10341173
65928121
44052279
67094649
93495640
63454931
19707021
48997827
57264666
32638942
3189515
87169504
54798570
85608578
25842759
24794882
66736097
53337542
77548467
78139289
83431441
32085778
51959478
67756172
74230486
95287800
37007969
1353072
83145227
14359146
89643913
74632751
61024582
67375415
89027965
11772583
21373400
26154084
76675959
70449554
13001139
6722826
7936090
1110531
55990970
56566874
85652297
30462118
93315209
13515713
17045071
85308108
65631789
41754799
7860201
69257780
2680800
9842574
9957948
30909785
31241942
38244509
83851142
33432467
16360441
94217821
28062091
50038114
89656355
7566992
52549558
94090667
33811352
25572380
17704492
2631882
55737611
77362528
25977705
41687827
17192930
36858676
50521920
68330862
96996664
69124470
91266001
5394121
53225742
84794588
52113894
24152761
31990816
44418479
8744813
84692084
5835529
9230577
98213134
4917300
10705356
58285575
65560671
5356377
85302277
18382359
30496882
64703565
92749571
63973859
60675837
28825636
31258888
84125563
64170287
44508335
49016667
90269706
73869968
30569661
78369980
46261776
52593319
92496980
56584172
2627943
83229270
27040097
32472734
978431
10668097
57704838
46169836
27865238
50583030
98282791
3076897
62689535
52433295
20203633
53673230
39058469
40099296
60701876
86925222
86120100
39786126
70868996
83235112
18955162
9861666
76372551
44984841
54288784
93532825
24528650
4020601
79904275
75075649
27830187
87489468
20962211
50031869
18608825
66098259
87185342
15744202
90247444
16843467
51750088
55060460
39597739
6755872
82146196
14657775
12916071
54748757
25714092
92004995
55887467
7299127
73172993
35106965
11434506
81669243
22771107
47778367
56228513
71113019
87586600
29684174
10673610
93948005
32852236
86106698
44697326
93165411
94668639
5077259
25595872
48698291
29798314
2520850
30361595
55898265
29921577
57341306
74288529
70013502
48855987
5822890
80443848
24620317
75851720
42542381
75533441
14372599
39492815
32933913
29859950
2260964
27841782
36477018
37242752
51629780
15724004
14483418
3021048
45946896
40297125
11422648
65757191
62937586
99167024
99192713
62168789
14632286
86083420
98412017
5826756
79936919
62852709
63315303
66029688
41896885
93420218
77030393
78860943
24870380
20474468
87498148
36032715
91915069
84925681
46463378
29420361
9070263
47381319
35403950
40902904
90090751
88549175
84273840
81163139
93306080
84497479
50843445
24880280
94322814
65597722
93765459
33747609
78998442
36905365
81874609
17870910
91192796
37925824
85065616
81881451
22323166
50512998
7178466
16442613
21948384
32253425
9247108
93300191
29863628
70407627
92490723
49986352
6237645
60470193
97358057
24288996
61402515
11915818
36692959
48717018
1508391
51252567
13389721
93758208
3459218
20028216
56155263
9739115
53781035
15401372
69406392
62398843
18685466
82474770
47420675
44201320
4055267
68110193
71827528
94123108
95654561
85123734
65504248
57316142
29883478
32157685
63897616
81360750
53286577
65562241
67375235
91317117
55905886
90384417
68994622
72084794
97230495
92859198
95949121
15205296
90336906
73521470
72434064
19975219
59148937
746574
71263198
22930116
26796892
87557718
83168345
74548002
27705980
49467307
97586604
1505872
65830499
26411445
47920117
47369297
29120122
19188295
84779045
64521375
68638090
19634774
43971494
86812493
98061859
83423340
9423334
4569803
80883334
51810427
40300888
60821489
2004719
22146757
65591389
22107725
1949490
24671329
38921421
14786122
7262215
12559233
80008493
45085052
20469194
77247324
87069602
22435484
89688142
52395074
79010052
5413436
66189491
26233202
51717207
46894127
73442687
34816659
72399297
11535596
50162298
42443710
36044245
13535926
44604208
9853187
27848207
30072373
95084093
17880887
79845753
35532939
7007434
22100266
30789721
14915651
54097937
46214887
46694209
48941053
14187720
25280777
49334339
34868072
59138460
61268388
68665143
97175648
10309472
27638235
22502308
54282878
95425234
98835035
37435315
54162599
78413310
67476077
4800589
75614792
30785315
42610684
29296827
65987287
9057266
31692351
2813343
83464152
50975731
9849390
57394943
70530680
52708489
35399469
91061224
44425950
56881517
67489445
58529305
56558453
68674437
84535704
88650416
94862531
63824458
69792376
24781943
79359010
9474200
32919327
80111392
62887164
50820090
6588717
31000464
23312636
62710923
7047876
84170355
15846590
5947703
1587779
89636712
78764415
768265
20074939
30018028
53713565
75651043
90616093
43207967
39451618
3698743
40746479
37303119
82544143
52127240
46458668
43680449
24234019
21278838
98366570
65132963
70158398
17731972
2216748
50316452
68033120
83746484
84158306
24737235
37762309
17122832
92750337
69094534
10585084
41649807
12393912
7720594
69140779
35892750
4167449
45936358
42353250
35269043
11219947
72596611
31111312
13881058
71430544
71939743
47526924
40543232
90214136
51052580
15569194
22290146
72453729
58061551
51342781
17335800
51963770
70788803
83727896
59059701
19491854
77521795
24062111
80458090
97672415
47451327
98486297
61507007
87291062
63425050
64679355
7456275
45134699
48372319
89093684
23416728
57880731
6243815
42885946
61029696
99110034
65170755
1431259
54323230
23548425
42739759
64798712
35757981
6765805
31814702
31875596
91249121
78938335
10175002
16973998
40334879
74641459
34428838
13132892
86535732
19843385
72888731
96678794
31972635
73284011
68521834
60500379
75451927
87047642
65835856
38937341
92985698
10194011
395441
2003619
91939276
74776598
32946413
1866561
47894786
33383916
55696690
81169925
21943873
97679110
5335242
6644779
87354010
85625803
67678108
41232885
32470788
23156124
30265190
31833598
85658280
63422116
32919629
74315069
20989672
99781108
96392674
16017740
25012900
80080268
99707628
61039849
72059447
19934884
9732886
67769932
89897936
37327356
78903170
54086586
53052892
73235204
92252911
30922769
49864067
65610821
9232197
91310324
1452275
12599522
68870185
32634391
96124423
63428768
78941008
71852069
39013068
62555951
56494634
36849428
87117218
53980576
80295237
69867057
40465391
21210485
11357886
25608001
43274302
21026402
71506514
20770257
72208921
25303091
55057862
43034814
68910456
17390268
13408624
57541534
42731108
50752727
55324115
19548059
60903184
20960758
18244939
39895959
30331661
48487916
46883152
45964755
92066315
70032668
48161752
78936278
69933225
8678273
97648175
32527034
64392208
5719353
74625197
21059441
51635502
741410
84930262
7610106
70749869
19540920
13188329
35318517
54711011
72039788
21743394
9321110
28058336
83838676
65252978
93789452
48606386
25749751
83080916
8577706
34223306
97164516
41907677
18378089
38485978
49627258
6367082
5959759
515713
31986424
35335243
27546343
50043604
51826105
52396885
92588293
58117936
79391436
73382207
63732278
48620495
40459234
21932609
37200767
74042340
83510892
77063618
93251386
84416866
34177574
84391471
46761503
88775182
49795424
90138383
49850406
531180
93142508
70153723
66455965
50463205
29246616
11649125
13831072
99194871
88769938
25122549
72966153
99931292
42472625
9635416
80015478
44929302
6317727
34358115
62811333
71653979
71623400
67806401
43117103
71009077
13177769
77855294
42385728
13539984
84198566
9608814
98292948
90800212
31489391
2790968
99255179
32345527
40910576
21801828
97333660
57201979
50754482
72317272
90598344
39357284
98756757
72508385
78846543
50256775
23741552
44803659
39525523
46133338
9557462
33704461
99776942
38107286
23119508
13288070
26791389
95274969
56256026
78047474
26004019
64497263
86113418
92746539
15874711
87560086
46247406
96753494
88862266
37731289
85129407
40932927
93395802
74030840
73873646
68143722
22242575
21668076
72458279
40242010
8962012
56641962
91050188
89022493
25185345
76576312
21659240
22615719
40839560
14229118
2614894
71474955
53572889
62061564
63148451
26157142
22032743
136809
71364284
17097551
88867376
14730607
95546497
30129852
39057569
33073481
91368424
6579800
70491589
24016815
2621398
7497211
5553152
64685658
46888465
10625180
11476411
47474101
20912361
11878683
2159472
72963396
64743544
48493469
85134924
98003405
58043979
95649684
30840586
33148251
13101700
1101105
42047307
68029524
80188337
32074375
22984715
51361778
48314775
76642061
64190035
82848069
22310029
47677205
60721866
53621978
76569247
32716768
74330567
64498108
2125025
10659614
82729688
88176986
69876345
57687916
96691316
26171827
13593501
20538539
14969298
56257422
48763655
54798124
74256835
43562252
25002966
59385004
73096712
88111725
98872156
28251675
41028964
48214466
88498246
41578679
15762205
97329800
39548704
65961074
53924815
29169960
4905589
71689305
62826586
77205529
4550014
66700332
77468421
83926235
75516308
50250627
75165957
83381365
50973854
91241043
26766476
75615513
12427910
58915778
24685017
82945385
59882604
45434525
46394327
97237461
65546735
2299862
35230303
38250359
16790386
49777969
74221647
14826531
46754107
65497090
95762244
23451228
59137280
83119935
49041628
33593639
36002702
10407699
20582379
27692863
68393289
21545346
14470941
62839134
26248406
24292326
13923551
76959611
50229614
1645391
49236803
12565508
53546166
13408322
18162393
94149061
36806190
39687405
82487761
34339243
85380683
82005947
42804348
71137937
35788593
31082850
64752038
89201777
20330020
79008942
52928267
87389555
47937364
37258727
66584586
72545334
6555279
70390773
57289458
17201422
26499350
6236872
48688477
90457234
42310093
37979205
73162548
28109404
69711272
89062206
95296727
75045044
5598963
29681517
15544615
28329763
98558099
51431862
42499553
28420432
73009660
94838678
783128
23185010
8284118
38218644
10593995
26890339
78677007
94888487
21409698
77090478
1980778
80851745
7043371
21966634
49095551
50496877
20673558
22196865
16792322
87625066
7197413
71399208
877361
33936374
97646541
16135313
30736373
13965646
19701984
30650808
5737474
61529152
92520522
13942694
65157434
27548292
41464028
77804923
40695148
47569250
5799574
31921211
51126451
26180278
25786628
8700835
89585380
17248933
58778223
29029394
92525026
32466909
94415704
5567514
35215179
19568980
59031799
76827969
92100288
59568134
44864537
93159473
13568321
97338468
72549747
70660496
12672703
34122360
98176879
23664589
3759727
39672355
33681429
22996852
27937915
56084199
91738384
48129812
23250624
60005964
28304805
15379154
32309607
98895611
86863992
37994019
13865293
67165751
4720575
81095881
68106024
21607651
14092703
71208559
79073599
22828401
22680786
19181267
45280509
50484367
11389215
46648554
65649007
41667244
71432011
88384491
2695016
52278509
87343161
61647002
94683867
84743292
9785296
98917210
86524492
33897882
96618136
52801777
9791028
43065384
30920148
99832775
45583811
72389785
4703193
70501142
5826323
28159964
58581438
28125116
14005633
94505280
85194317
74387020
32233506
72487726
36817462
23659969
91863281
6804651
93420686
17748368
44503936
79527046
50690460
19025604
51345662
40805356
70965340
7301567
74326981
2594224
89918731
13228892
82931877
82307158
69279735
34459229
92020099
68702868
90925065
12330776
56851458
9343823
66707347
79505209
50556489
35138068
9307073
69632973
65609661
91727837
48741104
95725362
79761041
59351965
6983846
51739750
78438626
92058971
82160862
70386907
81771017
77660414
96195078
73954505
24659006
63560742
32156996
74058044
76383820
18247622
14377634
51319131
12291452
25270169
33004888
41767506
74897277
42175296
47886072
37188491
9663010
30253958
20576558
60061675
23514272
7570969
70010099
72559123
34709211
5314967
35252078
96179666
28459347
84816040
18451174
28675965
93167013
83246876
56025343
18059415
62378349
25333746
70403551
79327896
39693381
29546600
79932117
47880230
76301004
94990854
36183900
97660079
28194329
43807998
5891797
18967844
41894935
9177924
67775940
20569700
91594370
82377137
83842169
98009676
14491642
50770778
55919100
45227606
85869598
53146459
66163392
34593871
76123544
39133360
49639736
97662262
86809507
90299643
24258203
26932913
43095838
63349453
11055856
37431570
69253261
65152857
28222752
2218285
30635321
29250403
7931810
68047773
57928054
88657742
68297951
56818425
56448152
79696588
32125802
56875231
88770996
33127926
13665789
18655718
60136178
70812840
4276233
86768302
83160685
89062469
89024147
57715182
51870812
62975930
64750621
21092676
44301450
92350598
32201720
82497977
42842727
3652053
23268251
28555127
88371770
29311719
37007434
14734309
86678981
10434322
25890538
22084367
32320136
49948394
75817669
98263674
39746012
58651740
33104604
69543218
56685922
58059850
65811087
21207920
15720797
33168343
86611028
23816623
11374982
1597635
74413978
68405375
89234221
46364456
90253398
47762027
20040664
51695114
22388376
41967804
77939891
41010203
92389982
4646767
65990682
21389175
51569994
67068081
38604988
15111820
66782012
73965860
79844094
86918495
35185365
78856385
62438398
5982862
44616997
97052317
76140183
68970533
25999510
96977940
17380777
43309322
1895133
25644207
98041586
22157363
7821831
62483369
93259828
87297531
13379265
63503857
26301696
31368038
43549458
63239871
83310669
70337284
2989713
5713477
94999302
40510028
60173214
20360288
76784305
17460964
65031399
50483572
38144079
52320520
63256906
32751825
78285404
74160689
1156778
50744465
71111208
47991009
37420537
52426020
18727851
4121354
73421893
12614036
51400043
99509432
46865393
23372533
5678470
89199925
7881179
50568682
76681946
85174690
92746827
35114314
47950439
6470718
75244259
86192070
21845108
8185586
86822028
40927498
45225590
25523166
97350098
14339549
4274842
31959458
42180858
62921964
32980035
3481399
19346547
15545586
17163909
77901767
10971882
726934
72052359
24802395
89204159
81439415
96763562
74419605
3873003
52703819
98965769
31571775
27811115
99570810
17400326
21467788
87866735
40328987
31995098
6506238
7942732
15143139
76290979
65582582
16581108
47071112
49883632
34074713
28250437
30283761
61717024
95487289
63344319
89930843
61696797
33332653
49980904
13903333
5424943
62724500
44635600
31537888
2817519
70748273
37428459
34519905
55708298
49734927
79328979
27040312
99012685
21752031
49890642
17593916
53460811
87836118
61063807
75440018
28392760
29965452
49239137
17636315
95075793
82677998
6870149
94197385
56190267
61050715
78876599
31906846
95541385
17540475
77165427
59068203
33736799
18712493
13426452
99106611
59437530
38275465
98579583
1624758
93842362
23980182
7958782
41734329
22726925
21648612
54381725
98417187
79011381
45604172
81283573
87071361
91622958
80902047
33310844
67939054
33475018
62706226
82304335
41963182
88783398
5385221
18343657
96641655
53327492
6373603
88156023
26694459
88072328
77831552
42172582
96053900
61703266
28591254
26936641
14828565
48731875
44109319
33678028
25560458
62435296
64748650
3460353
41330910
30928077
41085599
60662633
6110763
95430639
62763415
62643412
56429432
43432629
10592625
53617972
2139424
57939528
59441206
41435791
82720172
3654765
11182473
96680809
76903198
14304958
86616296
5861274
97607944
50386402
95475350
96392271
24451983
15376781
83435168
77100088
77550840
45760705
56235118
6733879
41365769
99159302
47792977
11596083
51815289
75130749
47875479
34087606
42241513
30570269
65517556
10206655
30430798
69940528
57952366
67953
86404266
73053954
84998035
63870680
10670449
90503510
19783898
39344037
66639099
96275126
63442374
29942670
6869344
84267957
71973094
84059401
83058013
66273334
6961594
40315779
44361631
50425800
3644296
17569657
7441629
83728963
73605251
39881304
5092669
14042470
96286793
69526462
40216514
44249378
72353548
51145876
87746347
6872393
34849853
38203562
37796524
9781146
85876155
76271015
35585034
81203192
66178320
63163387
603968
62797157
96447428
83697679
68905505
28699919
49756761
45505192
27156587
33927564
7324286
59916547
42510801
61861737
1272342
5260367
32863362
68417333
96609161
4572663
52055140
22918239
99111060
78685770
13911377
11649009
91489836
65068977
63972941
31848070
92436519
44086833
8567699
30566460
94747393
55067268
66738582
24640454
36321285
97907926
38226884
30894524
29155863
80866072
27190066
31007620
43796737
50146982
27393660
48722546
47561305
11617327
84260786
8141402
74958369
50849089
72822601
81127211
82027241
28394982
52991024
97112261
36437311
9184402
35590257
16228455
99909993
66341670
2808753
71726200
91391275
82035283
79018137
3896869
43246208
86149162
84801756
32730301
90476730
8425167
49949835
13621072
53516976
739423
23692682
31746722
45465113
86173419
88726456
27004667
36757781
90751823
9474571
98349898
96315772
11090256
89373488
68904847
85664666
25186940
14364860
85650804
39282494
85180029
67510124
42719367
7027117
9269476
40757849
71720927
56070787
72786274
55336307
1929472
35720260
37860553
5855927
60341523
7967143
44070450
53103462
85613263
43658406
68962860
6230459
91550197
2414447
61131794
17423237
95770224
30414713
18336619
26873692
21568989
59150437
53931757
44855762
16056342
58067651
56525611
94305040
88960664
94457239
89817911
60844318
43047369
48435813
6496184
79147317
95690479
69286744
89651060
66356473
34530071
14466977
1643947
97131614
98466846
20087756
31844644
81732320
42640767
21223846
39506162
23137604
10536479
38658555
21104559
7128922
67011732
74167788
91856433
21418802
22238389
17509060
62207134
66067889
29954283
41120079
13653870
73099036
45474765
61419085
62220009
55677531
82524234
48933644
78182125
64906914
7369423
83064304
7178781
2861722
41566282
30570915
23258156
73839550
44296390
74532607
48771962
62249674
5699444
44964973
97116606
76826559
24402154
92158365
93171367
82947594
58826091
70043707
65028612
72944067
34247149
61736638
39097170
17883581
69921389
4121443
15057457
5860071
60510919
30067649
21494918
22451377
35455375
76854621
47019729
36746937
95910708
8453727
4452299
92027015
86089823
65313650
61026605
96494421
79701952
47551618
62080697
69119613
73556398
47203833
25115944
40887378
16049609
8137379
1101511
38238463
85010236
25516266
1161233
72003960
23650712
41940545
79250055
81242888
85093425
24094448
40361875
30472479
23794791
17819902
17535478
7846992
3440939
19101881
62308830
73377973
91001464
52798953
96972875
33456841
56731164
72449196
66062102
49945256
79472452
65854476
90474960
61484759
51878118
55427853
75007137
29597978
48406402
63200129
77639760
75447433
67238143
91954626
2621893
88158976
7382626
32293264
37164523
58182273
43449454
48124246
75663725
60441491
9312355
1562601
52737963
4748078
46222248
56655921
7119231
61026196
56410615
25664103
69391751
32136897
98771686
25482368
44167299
69100777
34174214
78828189
43124465
72561779
83432439
29555583
81479125
66632995
29569962
77238939
1800232
28144229
30012764
44828947
12230564
92309027
9962389
13278484
14103745
86409849
10265544
11468996
97940614
5452634
20909624
37520007
26191560
93019344
60865749
26268889
6393098
92938430
66201242
73603189
58553054
53112244
39384005
39306408
26633514
26521486
7907923
35096190
62219005
79443303
38312276
33356475
22155533
16825819
57651074
29474507
79413882
53501841
28444411
27703714
15751024
78764976
47668976
24881479
78060231
73597239
56538083
40809846
89588165
40925833
73340410
53692453
94637597
74476520
49077618
449579
38185725
27423255
71839304
90447177
6721202
48564313
49813454
23238789
8874423
88502270
96761607
1681007
78178507
41868482
87461320
9536809
34077864
79158605
80232856
46497761
55516157
45285555
58686681
10608950
34309050
13606153
15702142
47693302
65739613
84453261
1676847
69270565
55325269
41094811
43799022
94808551
20525833
12276219
48253581
25035538
65166171
21795075
58608246
66559214
67371612
12624756
43842124
28107383
52633637
73652230
63402352
91207759
91836771
36288013
39454573
40147985
30861025
20876224
93341651
10383637
96191172
59791187
37082037
94586027
7367685
30214410
50527481
49809667
85714744
14868685
17347149
7954295
86844677
28802845
90017041
11458003
28233221
8566096
5783842
32271686
69316171
96164618
8837847
39210677
77257488
71838699
28410769
20691567
53274255
76576233
82047972
66730446
49482816
35874168
50298029
18227138
89564509
54398006
42158737
37327657
71646992
87135134
81707316
31409487
80314039
56333540
65189225
58455382
75480884
99867932
88774986
61371909
71763448
25199
2523048
88548478
22436685
87481158
41440344
12121744
68651206
83056966
18265950
78243135
65011870
55962506
70785483
35049428
38078773
45756612
84235345
92902029
55599164
2705534
97436505
59810069
16434977
47160770
41479240
17738389
73207576
20748821
29089358
56971854
55402770
6061972
70116516
11433748
46104916
9586061
92101359
67390837
59343697
85087110
91033847
49566193
54413716
93991367
34149142
50801575
97333480
95739596
37963743
28659570
86103114
2201897
99299823
81864836
27231979
57593064
5852849
19294085
52326348
28927606
52563975
73699291
68238109
13354181
89509310
64454125
44758124
26676577
20975127
19245133
55430463
3731460
92315977
64644389
6122696
77028947
55352650
52048228
29166366
85536979
58679684
94956049
3186839
96460291
12949250
12238156
99590126
46636471
14344549
30702290
41352360
81096520
24710470
19092461
99541769
25061519
55842934
95826859
80982148
62369102
36593792
62414577
91398775
32313758
95272640
21645608
55820087
78384494
18812791
63411185
9375260
258193
37107055
18249750
75357768
22303962
37228702
75652676
84333156
83637956
61319140
52488676
51158078
18517870
1628415
26719615
9032202
91584888
72038538
73415827
33527148
33475266
81405040
88152652
48328160
45275946
71588006
51206574
98220381
92260257
62193197
20210045
31176200
35296863
89876403
17268935
16776901
61822891
70656372
94610119
73898850
25058781
52597141
12558300
7341261
88267980
56692927
72330453
42725340
62535965
84789575
53960869
78343791
79770503
46032010
61642808
19848201
35846350
83581284
50856409
10628053
27399311
88603329
15751709
12615890
33694935
15337832
36107758
29441355
69085463
68227665
60959605
12743892
61124112
63656756
22864596
95669635
2472961
41558450
47213145
47496700
75946575
55713996
87617053
67116537
50953340
51363683
75052862
8217745
72019633
72677357
35211983
85122749
62525355
75418299
89509745
45828184
18408346
28149414
62563738
36429519
83081120
91483363
31575740
40391005
53120013
95227408
38611447
61184571
45672711
20388205
50210347
49892603
33542791
35776593
83620421
8923197
20165911
27640378
46962535
67367290
43088816
99701932
67172894
25569408
32224813
4638341
51192419
29582026
40697547
25845089
47266125
23862947
30259017
4441720
70042939
34890268
32732946
97148780
52926867
34224282
3423376
16451300
28229769
90702672
12823121
37237983
19769747
60745259
16506404
1398543
37189713
87610600
34622565
77975427
21634159
88105905
77981404
56174736
8013462
40766379
8418443
78877308
55136401
73716259
93894076
84698253
7744102
33137309
64370148
47867958
95661449
8535723
27812320
22516788
60173660
65497971
83247506
74605443
72827390
76409627
35540724
58206710
17629422
18302938
71167208
33362928
1789821
10512614
5015680
72438036
79710659
14606414
49103725
12619630
50192409
21292821
28292852
2649763
61950195
86813662
59593723
52978480
2678066
54861261
94982753
86924730
91329996
69628912
72724197
66685322
25311273
64640970
35929075
11580965
18247440
55476687
87876422
95725623
85820999
47718437
72622163
9206350
66476374
81521515
76796577
29057107
43974092
74649091
36026780
63991485
31866314
21444335
56438367
68657334
84425028
95520237
6420720
58123632
32642324
54208153
92892149
97578190
56267626
78239139
551259
63525161
436543
54946265
2778501
62487495
35817017
92741359
56467944
47060713
12494303
61470321
73616294
6538075
50494548
38630142
70641699
67644477
89362799
2568123
49024669
94375336
37874559
75716856
17496696
92517722
94386367
64682341
22158786
59331135
54457318
87685917
61631930
15408498
73851091
98823315
355698
54704217
4566692
21570927
73719782
48449897
96826474
48519369
5110340
68075162
4890138
22341687
60387971
90048403
85741844
31774746
16241678
56976477
92767381
65619931
67929392
24077483
32640817
7021897
50812029
62448795
69110897
66893508
39789165
4481077
33419770
22004842
66908218
91357844
4958253
85125206
46671598
95234339
58569567
28762019
96947639
60400275
57351112
99349445
43272245
3232332
7556632
64619954
96439973
68167278
47674006
76522980
52780784
55186747
86029350
16960654
59758301
21221077
4030034
87273386
8816290
65308
74030219
2436834
48347382
19932780
64069213
73171884
70113133
90162952
24612721
87846828
16819859
43111889
32100439
46374887
80026690
56681591
2848213
7658624
64790832
95790353
72799694
58651545
48873877
43104471
34252472
53687019
13192822
27914696
26514280
57598014
32011000
93509038
81375405
20304568
32909209
80966782
93513797
83133646
34862957
40129858
50973371
52343231
77824611
31782894
89440652
18361722
3048560
74223946
19087014
96950966
49191614
75640242
31763573
41385763
35730271
19915919
83869311
77690230
88753431
86065406
29207052
54913556
54105960
30767878
65079890
4912599
20563626
20811615
6869760
85460316
27457116
10331260
59846717
17292583
965498
70946909
53492738
7534286
35503740
85355759
84214974
91996693
80825059
2542587
69984428
15766527
34982667
43475408
60741560
77770652
89783448
77919895
44547543
92196596
4915720
43286203
37147274
49749357
64268568
11691650
85576395
12236457
36779693
9469603
60954700
5376578
10602121
72017162
25874602
53680562
44732756
21361900
46894770
5297243
91881344
77485571
93758604
56047769
8757943
29380975
27651313
49203317
15817528
17256618
71190317
61018905
24832023
97939379
86192881
63195906
32790162
80648711
79208803
40714038
58387355
79912569
71216870
45775250
77820198
72161430
84847640
39520508
72485246
3076655
49827131
68110216
52806444
19037594
98556022
90903956
43089952
47977782
55001124
67582042
10153919
37431436
83944792
77595275
95793900
52585219
30472481
67062901
14445117
90689502
28861556
99425776
18822427
44087656
89702140
10601991
43960093
52378346
19104681
50572760
66648006
27707158
64286676
77553373
97802988
57801718
90313128
9583085
14171600
4510743
76272172
3725629
83465706
29421854
75491046
87500393
8949834
87085306
5325618
40132712
55193946
7023065
88181343
95686328
99278305
95374805
74214233
29718749
87699458
29040789
48265582
60307075
14053339
94152273
31226059
34166792
89309142
38306714
94820981
96373188
48573650
44088421
99606088
38943104
44413483
76303748
12105694
774787
66303542
62986007
45003026
83249376
16685702
8909789
8383244
16177286
46976285
73932515
10777627
96718935
3265762
20135532
29823178
96746547
29649251
25587177
55880072
50235304
57236915
99151844
28320231
10615673
26552582
69343451
29880064
71110843
92027645
25084266
90490607
67898645
3708960
63580347
31311268
93752228
96052880
14788713
98510760
17538899
24258495
43613908
17260923
33306208
87645131
95403362
60412702
41600533
94199528
41675877
26070146
93676142
68936927
28483719
21365148
55931001
69910415
74539299
48108075
11940294
33578144
60911182
28845165
75334658
75373999
74444911
91654109
87211473
51238516
25423914
58585426
27935611
95021213
86583898
44359283
46886667
11410523
74200972
17412601
57302396
76125472
60312418
75056462
6116950
41250754
59500221
55415458
98720356
96522095
33722329
23710720
90578039
144872
22922648
92854943
55279572
91677009
8176926
6573203
93825918
18276342
82483288
96050255
24940632
47737910
89737149
40272611
43002389
27992412
12679233
71963239
37897413
87258466
9621592
63414694
63687818
24582895
91593463
84216639
95526425
84397835
38788084
75618179
2625368
87496694
53651349
63854551
90066343
41137201
77701418
43764656
94593554
21399125
7823029
33713409
36411168
79340596
79212967
24237919
69466092
84535303
52405632
66395527
93383839
7198572
93346854
30254609
61599888
93514750
71720139
17976010
32798681
35227800
94114481
41659076
39360833
50786736
57782821
66154035
28191444
91070891
8941440
55002599
27476830
50895355
72841630
15578207
17456225
81738668
11417697
83204525
81140243
29042936
89174938
51060088
94998038
24162846
53383084
7064065
66710755
6056382
55022704
11688109
1154667
60733064
46540921
76339918
58788277
23452643
60388983
39421477
21840929
98942991
55114094
78717986
44567586
63921895
52443077
42565143
66493580
89411273
58667061
98830371
71874002
87406731
22461581
45491924
21179854
39353208
57323418
84632899
36050065
80562487
49291717
712764
38714705
51282037
64288743
54114225
45976286
16657080
88709438
1609365
92504747
55681820
5427386
40820471
14719860
46088575
9594865
92042817
8983513
54019
52065135
14294484
66874749
66136848
43877040
29414343
63368155
57492161
31601447
57191653
27277922
80770202
20316759
61253238
3088540
43208608
16004794
36146315
72217984
27713479
67364390
47939601
88824414
45173229
44479312
4792881
32076028
33977034
54138652
81599410
88726226
94881596
96682769
90516684
11674734
22191437
64394451
65461416
69382869
61710433
66305507
62735320
2807496
50066702
89713836
12210337
34390520
74432345
9931858
82092779
65764766
67737025
15910153
85462262
53797063
34434865
45452347
36994964
57211981
45178210
47773622
67994540
18898939
25694808
86131774
51512570
45398014
52109801
35005150
9199946
16585759
39674471
36253096
31260167
59925032
31857250
54369486
46360615
58500936
9829472
5575282
81669413
40198601
23227546
40683556
27812394
47003134
86538454
65175412
24736601
71822856
88457097
40939551
37153697
9446065
23331334
73221929
37133135
82255091
98134040
7413890
23159408
78218613
69693695
58857998
46204104
47601662
96654571
26727821
69773221
98507431
8125159
17273740
71467359
10542788
37451992
19480433
81653388
34196978
24783388
77802337
86008523
88794421
86492420
11266024
2888014
58471682
24026246
42552598
73605932
63583654
94297631
38807390
20316229
87265762
33499891
23575137
71769312
67282181
62049967
31415395
31448463
60085984
81493333
81066033
92244989
59517911
54371162
68490041
68376699
17479274
28085794
20753454
73917380
70313802
2183580
41804204
33964260
25136130
24456829
69809614
11464400
54868647
77082860
58886759
33978022
91257523
55759076
58387691
58252237
64182601
2728714
95783010
15606786
27741062
82279815
14007772
61975305
47768697
15141041
64410431
63221343
7845242
16946232
24253884
72938812
72241360
27847364
43543973
23015389
76030296
42486153
74614027
22930262
66481070
59151205
52093240
74951687
36391614
1729489
50982622
83996087
17220428
47641261
5122025
77432950
10568259
310150
31587607
94795917
17999856
95369741
84123362
27555522
43171831
17761006
84375974
75838892
54776214
46378810
45564835
1087568
7701265
23725033
23326252
96916020
4882949
77330741
1255379
48969356
45633008
83725535
29494874
34637532
53195814
93627781
48389449
50988400
33694010
70865941
34415853
90058541
48705060
81501052
39608037
39786570
79085529
64414022
87645114
97151589
12906700
17952135
83500067
58545682
29854752
2758935
53912502
40361671
30168842
89908302
66997201
28354004
74365243
21215219
85872190
23401099
38786594
84272333
49449333
89722222
99003765
13105060
61471000
8583807
98599311
56327147
50296884
68191638
45323618
62581941
32873886
73277920
89347553
38367809
29420840
81212888
59313998
75824640
21759708
25218294
47470336
1551111
67464190
5209954
27266028
43546900
27652865
22885644
4577150
84407070
66086057
39257087
61867839
75738547
91055567
55666382
65315416
46764051
88406578
85875121
962208
34904332
5538036
33979367
98034841
51045598
15394502
1086357
26523423
75887686
68464957
86260832
88577726
92002349
19124631
72382869
24439878
86600660
45487277
84412982
85790024
47613091
54105604
15973326
23867583
69707600
28435210
59860417
39006048
91348374
472144
17774284
71274652
85401721
74470075
55560433
88809212
89411939
29150814
73466140
4011461
21697707
66121944
90632503
7281002
63480458
54575980
21415826
34404432
74608847
47643014
38405868
19664491
89423707
46943214
66170767
62040744
33060094
29689112
59617002
17474824
40034296
67030986
33208827
25533918
49991038
95198185
67124851
75283457
86770236
27875733
38096766
70493081
44880882
58786851
61029084
76951068
29400096
75380340
12940918
84343432
20261498
18529858
77385571
97945154
93489041
11021242
17276892
59383460
776197
75275486
63486320
68985602
17605164
81628881
17763109
76873126
23986593
61042497
30192656
84756463
49716726
28220519
47421312
88318268
70624553
12662401
60714106
35419345
57016907
42000551
73436078
63246421
16282040
30363868
26916981
2179307
26444933
94530767
94180821
80286905
84598782
46202175
68740449
92794550
62881599
63224518
65002529
79744092
78028902
83735919
82928287
22157836
93466470
97085907
56999208
99052195
14140473
17065427
14400826
77632028
31855795
72549907
87205738
3098265
89318348
27296010
30629463
29935578
20285890
24166086
3256072
3595250
31473302
12932932
38209890
93341732
77981465
82681594
66468767
2712665
46890136
24394504
71353004
57484197
79382590
19941441
71366931
55410864
14115686
43447861
32591252
46914089
51911177
30663434
14708304
64250279
69695934
42373165
66759267
61228639
49361949
41738106
72112397
21777684
147891
44466628
78407755
22599608
90336358
91168560
74018952
20522975
51221182
79258801
7031254
27301845
81337140
17634171
57964330
84073826
8778988
21992036
88879639
93083817
35952474
38168449
48604137
21211406
97578647
5162641
1965794
31943295
33653662
52153291
40136509
25771762
64334117
17935040
926848
92182560
9912091
32250661
15008088
31321206
46034434
13472307
89842780
23422991
63624667
38619193
62380248
4266864
50270263
69495116
89511831
86670705
50388582
36628624
73264500
90694040
50379365
21418998
50921918
9601337
93289239
16578639
79500887
43328822
2544859
14353035
91390791
91999032
52011692
93896567
23096434
43383163
27306836
61538899
17063893
22108056
35189066
62929083
5179170
32784449
47931783
83960718
99511304
7066723
26650229
62239538
81353641
82539584
93181473
97356075
11939116
28453707
78846864
69552083
88070451
50391900
53041880
66696539
27891255
67344281
406249
58595554
8646341
4977727
1865618
99575244
81623855
37349419
70539196
54519861
17768711
54982
82855685
85030896
30869256
53215544
72352031
27904603
64905179
40618739
52366521
18953825
12468246
33347509
1968512
50890101
91041514
70876478
89068159
99436583
52502202
76894050
38004087
67847114
60655798
93568829
74688566
36190036
84621166
48575772
21717434
80641233
7977196
15441430
32991476
43271019
58080152
34333980
68759289
16789467
2231496
90091430
71053280
1400519
64002876
98418656
57721692
29739456
34520753
12745836
81474372
15944842
51583522
56723206
9551964
58757239
14894410
76368428
4442256
88113072
56246714
49855704
14216257
63577969
70214732
32057849
84742434
68493890
63512196
53932115
97134861
59755384
36371874
22111319
62662813
4431465
15765017
24624226
53827628
70763938
96342296
25236367
507702
72596705
87941291
8527885
26730060
70925268
43942363
42449719
1025417
24367717
14321179
50458639
47763235
62300621
19908508
20583366
76188376
9332960
72452924
22594519
65472043
47867699
50334489
97581763
40531200
41629099
41233505
94988
68976989
46903777
528248
37695440
74954961
96216996
60232021
51754362
96034098
72137619
53939788
45652777
69505512
22813012
82994210
35270220
61816830
3841188
60504197
26132506
38770278
18528358
72100532
32184203
72876482
80896525
94119272
53730197
83750749
33459824
49947699
75480835
91130203
57836540
740319
78450847
29062351
80338143
78226733
88410988
36169282
57769162
11180714
1718358
48712611
83077939
54907191
83948278
62193579
86249692
95767928
23287380
15416069
50793346
84357490
88551252
90348468
54664738
53408085
16751073
55384656
27196547
92109667
1318620
27542742
87586276
48711423
76440905
3464516
90897114
16146175
16785812
36287864
96553270
1021796
63927984
10299148
83316503
80346310
66674438
51015784
83566412
90503234
23224649
89377410
20307410
38899918
19453824
66724222
92368112
30601437
16101715
47394232
89858848
81910327
61720655
20151970
1309672
8348237
18246530
62530742
28266585
40471585
96499814
5864597
94980585
39430675
8355429
28318063
12650297
18837622
6617019
40706851
74274917
65229405
68081568
53010365
62121421
99734299
40058389
23384240
20364979
85414960
66607719
87245284
14012418
83373064
11753922
3520501
75410571
28569591
379874
57424556
1134042
82683053
75188478
52465175
38366749
51167458
75073590
21028317
63896653
42983557
11731647
78599557
61431016
98626762
56775673
51480925
1333966
55739497
91963768
40769357
81289813
53751328
68628541
27253164
99830647
34261031
60930275
74178188
4282079
10387079
7569726
37378920
91048179
57899106
54752260
99859506
3391349
89704586
67758928
82905773
19331839
40600690
65497268
89607862
91259513
18024445
6590167
61378633
86773702
3495351
18610691
50076220
93427241
14590108
69168811
65931393
33411170
74134768
64396544
42352214
37430476
76034213
93642133
30706815
86153736
48881982
80265177
322038
86942226
73168876
94022977
9726955
54817290
108192
98388780
22037967
34976685
21508004
76610240
25174880
90395955
15848136
14150495
46346827
82857299
38979810
15349171
93439157
10191429
43172144
49783017
61649035
87596995
51590739
24281726
18221114
80836908
66197138
56309179
29760879
84186750
35969006
27994225
51895353
71232504
68226805
46564364
4574820
33705157
28938598
16549936
21576501
76882054
44192210
91787019
59746768
45746761
9803308
86764843
42868303
40729565
17242555
53235567
53826384
83564304
29240532
43556718
695976
18698463
68546652
78522897
89974332
20164017
36254105
41497402
86368728
2224381
607356
1446256
76670513
96230558
94790410
22872397
55445125
13922939
88061809
84374610
47065667
19011213
88835820
74636328
10330182
82507951
73508165
54749989
24863783
30221771
56553557
49814394
75696248
57485302
72089117
76950424
85292339
65191866
18173598
31709920
94638708
37489349
51314717
50151368
13064277
25824015
63788089
16090158
6211796
99320407
9966993
82116763
51708747
75816396
86517630
93845496
25604541
57050275
21545464
63541346
3311683
807079
32970021
29383800
97772095
31839530
13741790
90697168
78495066
79473795
51723610
81295339
53013660
31543868
25194743
73757707
20819859
89666476
28435513
43098366
93323940
88085673
25681437
10148180
34525824
10577434
63767289
37265768
58823120
50727963
62735634
13235378
22046034
50542513
72789896
84308829
44637695
14495590
29571633
9659130
48512764
33335324
53096041
65273777
30185173
5988788
64057904
68441485
28408938
47712488
23995951
87557884
68470293
77351891
52963687
62718887
21299287
43011359
75646609
17062851
78330416
72030593
53409418
19244826
93376206
48924586
32920902
80711132
73482922
86728658
93472162
25662522
55620931
95109598
42610253
70018965
73748419
83200542
39178996
14460794
28514605
47035011
12407389
39757816
95917521
84715785
2212938
66931609
27246457
26343898
10522635
55396959
6841643
21475531
69867251
66277635
36659966
33000169
28750492
81855429
48996700
90456712
16216306
10710751
25537523
29250222
86954308
89370649
27857329
91022654
88859475
31821608
12230839
1723676
76902040
72648385
69433976
96304190
10168842
69160948
86028820
40534989
70052062
47983500
89304661
58752256
66517187
74871769
48987169
3927159
21515992
6824379
33959957
99917033
24914134
76328485
4041216
58785597
59943995
33709390
60583795
16102849
18132174
21103625
23624212
67788201
5328204
4514638
65800586
63980571
59405888
48012121
9430487
63350665
18154687
70407255
2356691
60523678
12383038
23756613
10983897
31150046
38714703
83043964
73763324
67306768
69356370
13934509
34369611
87145341
61155055
35742795
64903324
78841672
65058414
95127615
46020873
48901674
65480001
52113319
7660438
40728932
33300267
11066388
78586082
19380480
11616115
90157404
69311539
30794468
21259579
20443197
88638387
54742268
19336921
38775781
94776285
21918567
97916807
54915368
18728753
21552489
56884148
46823214
45352316
38526547
40003718
80734180
86641811
92975011
95218929
57830318
89439893
91630321
83093868
80103708
53367342
85766006
653907
79085398
16835558
88671545
23398012
61672754
98368692
66019106
98936630
92065703
95859122
29117930
74984305
45582397
98463893
63955148
70922230
46180553
67953312
98042470
60373046
93267581
33536782
71323910
92254535
23751572
58948264
14912385
50532028
8788055
56017207
50548626
16521248
82981700
2960400
29902612
34878135
4823687
34669797
64988209
74340401
13602217
20278086
11569559
57742424
51491883
63139201
12163036
41837568
98911211
18165004
28420884
10645926
74047124
39141249
50156938
81467234
27058807
88107928
32513437
58829264
74113092
424208
4575487
51899127
67707411
174962
79389013
48099583
77749846
7672765
46283129
89698555
73491407
89655436
78574098
45386089
83115940
31830943
91937635
27750069
54169819
11665153
5205920
17461233
69635858
13424266
95206155
63958048
89936191
86166596
73646027
83216111
74829177
30824643
22264211
33792734
79957656
8852141
64587563
22358442
2600450
33208713
13344574
41657421
31149968
51919534
24795598
37564294
84063580
59925664
51112905
74459757
82545491
82292360
84313943
95733328
53093098
27623364
4905990
88296921
35980842
12454351
94748722
45319593
84582951
90886137
95805022
59020996
38508445
37481420
84782483
1541574
82962810
89552118
3272330
67704701
16671234
15473212
92014209
43685351
7688428
42959152
45147773
32440432
98982129
17137884
36755432
17498090
25460064
70775836
45561893
63109732
83541123
27737943
82385457
47779774
48343388
7370813
53753178
86516509
77011967
8739804
25447757
58161267
78698480
20155362
2860904
24945570
44248105
29174427
55716573
54005580
75358051
35201000
34212566
25954400
43558806
35468496
26311841
12937939
14632854
39558217
35225265
2142797
91680138
79179644
4842472
23875992
99200609
24906807
77314224
33849390
12442445
96469108
13004057
80658610
16490159
98196039
47077335
6875117
33289502
21773955
21208567
55108210
30010901
37775104
13342138
1586595
77914951
58249119
33990124
7591071
59635349
90403933
45069451
12681548
18931834
59907733
73253796
73684263
38850404
55033584
11041034
82150756
28240276
35323914
98107073
37725186
68830556
14861879
60591200
57024127
53518355
90483745
90227937
13507405
69693912
49865206
76340701
65863301
25896347
37005802
78700010
10395997
68485726
76494940
92404359
217644
52447139
87604450
9384546
7256323
47874195
59005649
98946379
15435071
42830509
64433465
3653836
96526779
47745132
49898562
41994209
14637669
13721223
66448070
65052841
80858668
75333586
91716379
25586020
88859725
44243342
97722887
53709475
87373159
31009582
62779266
61411793
97523414
67328091
6369073
25359666
97711403
65990362
56400740
5136332
8536705
14733561
46674862
92022110
69618551
1432036
6932306
74074099
9021653
74912580
43641201
27671658
30120129
87636903
94852297
9648752
15350700
72656904
79532426
30362912
5056324
45550298
92581129
42095478
50267271
86504327
60831976
78271942
84536858
20201211
66913890
78735823
14125913
38818606
73327276
9882326
27670802
47720254
51481041
80886331
20963174
52230655
29667905
20151203
97588123
24279931
2981217
35901591
13791365
86814647
25782050
12460525
12187968
20652861
10464164
96478519
29856163
40427925
3324822
12774417
84823439
51432142
70545526
38410337
25181748
53003709
14069864
75190527
63361202
26115160
52399473
66062911
48716426
9390706
51919883
23125117
84641057
60674787
98557670
39895051
81536974
40851483
3661241
37146172
18277604
57054103
58377940
76007530
70191813
35852003
64679859
467646
94269276
69699766
82966205
60807120
8578975
76345596
16983714
212730
27414907
93580745
14882152
65927769
57799884
39722526
88205843
16684423
27107932
75466277
39192530
68956723
77314722
51895715
4008031
78535632
19013883
94384433
72635169
58317224
49721979
55172529
46547385
68542610
67305237
11955150
30867659
59320043
64430050
73429860
2595166
36630526
84048474
72548852
14155217
85683753
51153500
44905735
63483962
62394913
66672102
72210020
89994695
97493148
66530914
47527223
49080281
92887896
6696316
86909786
85833921
79253339
79777858
8209938
32487408
15644638
18451324
67541230
95391401
22064002
10301437
43409166
49309491
39062378
37892328
89999069
32876535
73449073
80719687
54785829
14941531
36252207
84569604
93405036
65321623
67306745
5625236
52560323
25039906
1283362
21906312
43641485
1959462
57131789
9377616
62384028
98687766
32541265
95842775
57744908
9315368
52197871
46517254
94575659
75684955
13625757
43094503
48122445
10635098
97744314
84947069
70138080
84650039
89633363
35969510
16403146
32379087
96968675
70550470
56709340
63400651
56827210
19209982
25287142
35277134
95555739
40136974
26846858
96995879
29941423
23996349
41476158
5301982
98168198
47636872
16984608
69472423
48286385
94171262
71688231
76888372
54514806
26675518
23733143
4560393
91801875
94719359
84991531
22764785
85732099
89242342
42239572
24855264
41134005
26961217
86687293
58535258
56534906
77815741
80718749
34011768
54342123
31564188
53237833
59372603
67938699
42195711
81614044
6891172
1417653
62910730
21550246
8429661
22671296
91497567
26263335
73514435
74788490
79543228
83102928
35593439
59404904
27913244
55679661
89973748
17781174
75063756
2993409
83211689
14752370
11836792
39848059
21996674
6585598
41484534
6583916
26290287
97723947
70174997
48947212
27189924
92011647
4526881
13306602
82653049
61089609
78892903
57282050
97569767
77847332
86173636
10178078
50286418
39203479
50399223
43311304
95320350
93671767
36399833
75396062
99869527
70143486
21210953
66622200
46290263
3802876
27533775
98458471
35391229
35521967
47063794
25614948
54308897
51425004
38373013
9867462
94560319
7481392
14366974
59818461
72659914
45724903
81807121
85749490
49015249
18557364
29880237
32366359
93494167
7621542
25153894
94979081
6359875
10930308
28188196
56802653
49273485
79730371
99743417
23218161
34535687
47435482
51816754
17480772
55856743
77610759
42927657
54361515
64461577
39220315
93869196
26678013
37084065
94928659
20986358
35491559
57336159
41194232
44418642
62401660
17660727
75580943
3098076
62059864
66441649
56022905
63657378
87647364
94796906
46685682
66642300
41685320
2136721
34445510
8468085
59594512
1279437
37591323
76312328
16944158
81530996
27424357
89973359
87260601
62541686
17197627
49905627
74401811
22621648
54285725
5485585
82933471
86947282
54541360
1583313
74711945
67668558
44063524
84872751
75716436
10228586
70370657
31452804
10831303
77353925
91903732
30608454
5928149
93879219
18034919
8871779
28757095
31006500
80062057
54705014
80780092
10515950
63489514
15635501
13385080
15237338
22027638
23062901
87783327
88223162
21756697
46901007
43417018
58632418
84624792
13151338
73702191
4913044
33590490
73130115
83934600
52213023
68555522
37597077
39959162
67853226
71338599
94927343
2321869
27528130
56404979
66613980
72855311
79222523
22622848
68435619
72699833
43953789
91373770
65214436
3263695
22600388
14321912
99349173
31443146
63809876
95330136
93855080
97144239
73951450
471066
90900421
37695077
83922113
96619932
27574070
45814458
44105655
73824299
2164645
3698032
77810520
79220492
89366380
58364224
32057426
92125504
46938761
35084301
38281889
54935784
64713348
66885725
71420628
91681814
25406419
47805885
5109543
64625543
4061639
56054038
8366201
55857732
74897965
67635659
66715454
35473288
2532372
64635791
18396884
32384285
61718177
15588654
85868737
42870484
34319297
22828762
18262339
96006769
35597097
73363203
92613138
53250025
85901348
22701616
91680604
80132255
83944582
35727796
93252763
13777629
66966225
97693339
41800006
72904116
69743438
13975837
53523939
89725191
43112961
